2005.30938	  -7.17	   8.40	2005.00	114.00
2005.31211	  -9.56	   8.40	2005.00	115.00
2005.31485	  -4.76	   8.70	2005.00	116.00
2005.31759	  -4.85	   8.60	2005.00	117.00
2005.32033	  -0.54	   9.40	2005.00	118.00
2005.32307	  -2.23	   8.50	2005.00	119.00
2005.32580	  -7.22	   8.50	2005.00	120.00
2005.32854	  -5.82	   8.40	2005.00	121.00
2005.33128	  -4.31	   8.90	2005.00	122.00
2005.33402	  -3.80	   8.90	2005.00	123.00
2005.33676	   0.81	   8.90	2005.00	124.00
2005.33949	  -1.39	   8.40	2005.00	125.00
2005.34223	  -4.98	   8.40	2005.00	126.00
2005.34497	  -2.07	   8.50	2005.00	127.00
2005.34771	  -5.86	   8.40	2005.00	128.00
2005.35044	  -5.25	   8.40	2005.00	129.00
2005.35318	  -6.45	   8.90	2005.00	130.00
2005.35592	  -4.04	   8.90	2005.00	131.00
2005.35866	  -4.33	   8.90	2005.00	132.00
2005.36140	  -3.92	   8.90	2005.00	133.00
2005.36413	  -7.32	   8.90	2005.00	134.00
2005.36687	  -1.81	   9.10	2005.00	135.00
2005.36961	  -3.50	   9.70	2005.00	136.00
2005.37235	  -0.69	   8.90	2005.00	137.00
2005.37509	  -1.68	  12.70	2005.00	138.00
2005.37782	   2.72	   8.90	2005.00	139.00
2005.38056	   4.93	   9.10	2005.00	140.00
2005.38330	   0.14	   9.10	2005.00	141.00
2005.38604	  -3.25	   8.90	2005.00	142.00
2005.38877	  -8.45	   8.90	2005.00	143.00
2005.39151	 -16.24	   9.10	2005.00	144.00
2005.39425	 -14.03	   8.90	2005.00	145.00
2005.39699	 -12.82	   8.90	2005.00	146.00
2005.39973	 -10.31	   8.90	2005.00	147.00
2005.40246	  -9.41	   8.70	2005.00	148.00
2005.40520	 -10.70	   8.90	2005.00	149.00
2005.40794	 -11.99	  10.10	2005.00	150.00
2005.41068	  -9.88	   8.90	2005.00	151.00
2005.41342	   3.92	   8.90	2005.00	152.00
2005.41615	 -10.27	   8.40	2005.00	153.00
2005.41889	 -12.16	   8.50	2005.00	154.00
2005.42163	  -8.45	   8.70	2005.00	155.00
2005.42437	  -9.64	   8.40	2005.00	156.00
2005.42710	  -9.24	   8.40	2005.00	157.00
2005.42984	  -7.33	   8.40	2005.00	158.00
2005.43258	  -9.72	   8.40	2005.00	159.00
2005.43532	 -10.71	   8.70	2005.00	160.00
2005.43806	 -13.51	   8.90	2005.00	161.00
2005.44079	  -6.80	   8.90	2005.00	162.00
2005.44353	 -11.79	   8.90	2005.00	163.00
2005.44627	 -10.38	   9.10	2005.00	164.00
2005.44901	  -9.37	   8.90	2005.00	165.00
2005.45448	 -13.16	   8.90	2005.00	167.00
2005.45722	 -10.25	   8.90	2005.00	168.00
2005.45996	  -9.24	   8.40	2005.00	169.00
2005.46270	 -14.94	   8.40	2005.00	170.00
2005.46543	 -16.03	   8.90	2005.00	171.00
2005.46817	 -12.62	   8.90	2005.00	172.00
2005.47091	 -15.41	   8.90	2005.00	173.00
2005.47365	 -13.70	   8.40	2005.00	174.00
2005.47639	 -12.30	   8.40	2005.00	175.00
2005.47912	 -12.89	   8.60	2005.00	176.00
2005.48186	 -10.28	   8.40	2005.00	177.00
2005.48460	 -13.27	   8.60	2005.00	178.00
2005.48734	 -15.16	   8.60	2005.00	179.00
2005.49008	 -10.26	   8.90	2005.00	180.00
2005.49281	  -8.05	   8.70	2005.00	181.00
2005.49555	 -15.54	   8.70	2005.00	182.00
2005.49829	 -10.43	   8.40	2005.00	183.00
2005.50103	  -7.93	   8.40	2005.00	184.00
2005.50376	 -13.52	   8.40	2005.00	185.00
2005.50650	 -13.81	   8.40	2005.00	186.00
2005.50924	 -13.30	   8.40	2005.00	187.00
2005.51198	 -11.79	   8.40	2005.00	188.00
2005.51472	  -7.69	   8.40	2005.00	189.00
2005.51745	  -8.88	   8.40	2005.00	190.00
2005.52019	 -11.37	   8.70	2005.00	191.00
2005.52293	  -2.16	   8.40	2005.00	192.00
2005.52567	  -6.96	   8.40	2005.00	193.00
2005.52841	  -7.35	   8.40	2005.00	194.00
2005.53114	  -6.34	   8.70	2005.00	195.00
2005.53388	  -7.73	   8.40	2005.00	196.00
2005.53662	  -9.42	   8.70	2005.00	197.00
2005.53936	  -7.62	   8.40	2005.00	198.00
2005.54209	  -6.61	   8.40	2005.00	199.00
2005.54483	  -8.30	   8.40	2005.00	200.00
2005.54757	 -11.49	   8.40	2005.00	201.00
2005.55031	  -6.09	   8.40	2005.00	202.00
2005.55305	  -2.28	   8.90	2005.00	203.00
2005.55578	  -7.57	   8.40	2005.00	204.00
2005.55852	 -10.76	   8.90	2005.00	205.00
2005.56126	  -7.85	   8.40	2005.00	206.00
2005.56400	  -5.65	   8.60	2005.00	207.00
2005.56674	  -3.04	   8.90	2005.00	208.00
2005.56947	 -10.23	   8.90	2005.00	209.00
2005.57221	 -12.22	   8.60	2005.00	210.00
2005.57495	  -7.42	   8.60	2005.00	211.00
2005.57769	  -6.51	   8.40	2005.00	212.00
2005.58042	  -2.60	   9.90	2005.00	213.00
2005.58316	  -6.29	   8.40	2005.00	214.00
2005.58590	  -8.38	   8.40	2005.00	215.00
2005.58864	  -7.08	   8.40	2005.00	216.00
2005.59138	   0.63	  10.60	2005.00	217.00
2005.59411	  -4.66	   8.40	2005.00	218.00
2005.59685	  -8.45	   8.40	2005.00	219.00
2005.59959	  -3.65	   8.40	2005.00	220.00
2005.60233	  -5.44	   8.40	2005.00	221.00
2005.60507	  -7.53	   8.40	2005.00	222.00
2005.60780	  -5.42	   8.40	2005.00	223.00
2005.61054	  -9.51	   8.90	2005.00	224.00
2005.61328	  -1.81	   8.40	2005.00	225.00
2005.61602	   2.20	   8.40	2005.00	226.00
2005.61875	   2.61	   8.80	2005.00	227.00
2005.62149	   0.22	   8.90	2005.00	228.00
2005.62423	   0.82	   8.90	2005.00	229.00
2005.62697	   2.93	   8.40	2005.00	230.00
2005.62971	   1.54	   8.40	2005.00	231.00
2005.63244	   0.35	   8.40	2005.00	232.00
2005.63518	   1.76	   8.40	2005.00	233.00
2005.63792	  -5.94	   8.60	2005.00	234.00
2005.64066	  -0.13	   8.40	2005.00	235.00
2005.64339	   1.78	   8.40	2005.00	236.00
2005.64613	  -8.31	   8.40	2005.00	237.00
2005.64887	   1.59	   8.40	2005.00	238.00
2005.65161	  -1.00	   8.40	2005.00	239.00
2005.65435	   2.81	   8.40	2005.00	240.00
2005.65708	   1.42	   8.40	2005.00	241.00
2005.65982	  -1.27	   8.40	2005.00	242.00
2005.66256	   0.63	   8.40	2005.00	243.00
2005.66530	   1.24	   8.40	2005.00	244.00
2005.66804	   3.95	   8.40	2005.00	245.00
2005.67077	   1.96	   8.40	2005.00	246.00
2005.67351	   7.26	   8.40	2005.00	247.00
2005.67625	  -0.93	   8.40	2005.00	248.00
2005.67899	  -6.62	   8.40	2005.00	249.00
2005.68172	   0.99	   8.80	2005.00	250.00
2005.68446	  -2.30	   8.40	2005.00	251.00
2005.68720	   2.10	   8.80	2005.00	252.00
2005.68994	   2.01	   8.40	2005.00	253.00
2005.69268	  -0.08	   8.40	2005.00	254.00
2005.69541	   0.73	   8.40	2005.00	255.00
2005.69815	   8.13	   8.80	2005.00	256.00
2005.70089	   5.14	   8.80	2005.00	257.00
2005.70363	   0.85	   8.80	2005.00	258.00
2005.70637	  -0.44	   8.80	2005.00	259.00
2005.70910	   1.07	   8.40	2005.00	260.00
2005.71184	   2.27	   8.40	2005.00	261.00
2005.71458	   1.18	   8.60	2005.00	262.00
2005.71732	   2.79	   8.40	2005.00	263.00
2005.72005	  -2.90	   8.40	2005.00	264.00
2005.72279	   2.21	   8.40	2005.00	265.00
2005.72553	   0.81	  10.50	2005.00	266.00
2005.72827	   0.52	   8.40	2005.00	267.00
2005.73374	   4.24	  17.60	2005.00	269.00
2005.73648	   2.74	   8.40	2005.00	270.00
2005.73922	   5.85	   8.40	2005.00	271.00
2005.74196	  10.16	  13.10	2005.00	272.00
2005.74470	   0.37	   8.40	2005.00	273.00
2005.74743	   7.78	   8.40	2005.00	274.00
2005.75017	   1.18	   8.40	2005.00	275.00
2005.75291	   1.09	   8.40	2005.00	276.00
2005.75565	  -2.60	  10.10	2005.00	277.00
2005.76112	  -2.09	   8.40	2005.00	279.00
2005.76386	   8.22	   9.30	2005.00	280.00
2005.76660	   3.03	   8.40	2005.00	281.00
2005.76934	   2.24	   8.40	2005.00	282.00
2005.77207	  -1.15	   8.40	2005.00	283.00
2005.77481	   1.55	   8.40	2005.00	284.00
2005.77755	  -4.74	   8.40	2005.00	285.00
2005.78029	   4.37	   8.60	2005.00	286.00
2005.78303	  -0.72	   8.40	2005.00	287.00
2005.78576	  12.28	   8.40	2005.00	288.00
2005.79124	  -0.40	   8.40	2005.00	290.00
2005.79398	  -1.29	   8.90	2005.00	291.00
2005.80219	  -4.17	   8.70	2005.00	294.00
2005.80493	  -7.16	   8.40	2005.00	295.00
2005.80767	   2.35	   8.40	2005.00	296.00
2005.81040	  -2.15	   8.40	2005.00	297.00
2005.81314	   0.46	   8.40	2005.00	298.00
2005.81588	  -1.43	   8.80	2005.00	299.00
2005.81862	  -2.82	   8.40	2005.00	300.00
2005.82136	  -0.31	   8.40	2005.00	301.00
2005.82409	   6.49	   8.40	2005.00	302.00
2005.82683	   3.60	   8.40	2005.00	303.00
2005.85695	   7.09	   9.40	2005.00	314.00
2005.85969	   3.39	   8.80	2005.00	315.00
2005.86242	  -0.70	   8.40	2005.00	316.00
2005.86516	  -0.89	   8.90	2005.00	317.00
2005.87611	 -16.76	   8.50	2005.00	321.00
2005.87885	 -11.55	   8.60	2005.00	322.00
2005.88159	 -14.84	   8.40	2005.00	323.00
2005.88433	 -12.84	   8.40	2005.00	324.00
2005.88706	 -15.73	   8.90	2005.00	325.00
2005.88980	 -16.32	   8.40	2005.00	326.00
2005.89254	 -11.21	   8.40	2005.00	327.00
2005.89528	  -9.10	   8.40	2005.00	328.00
2005.89802	  -9.10	   8.40	2005.00	329.00
2005.90075	  -5.29	   8.40	2005.00	330.00
2005.90349	 -11.58	   8.40	2005.00	331.00
2005.90623	 -16.17	   8.40	2005.00	332.00
2005.90897	  -6.57	   8.40	2005.00	333.00
2005.91170	  -4.36	   8.40	2005.00	334.00
2005.91444	  -6.25	   8.40	2005.00	335.00
2005.91718	  -3.34	   8.40	2005.00	336.00
2005.91992	  -1.93	   8.40	2005.00	337.00
2005.92266	  -5.03	   8.40	2005.00	338.00
2005.92539	  -6.02	   8.40	2005.00	339.00
2005.92813	  -9.01	   8.40	2005.00	340.00
2005.93087	  -9.40	   8.40	2005.00	341.00
2005.93361	  -9.29	   8.40	2005.00	342.00
2005.93634	  -5.69	   8.40	2005.00	343.00
2005.93908	  -8.98	   8.40	2005.00	344.00
2005.94182	  -6.77	   8.40	2005.00	345.00
2005.94456	  -6.06	   8.40	2005.00	346.00
2005.94730	  -9.76	   8.40	2005.00	347.00
2005.95277	 -15.44	  18.00	2005.00	349.00
2005.95551	 -12.33	  13.30	2005.00	350.00
2005.95825	  -0.22	  22.50	2005.00	351.00
2005.96099	 -16.72	  17.00	2005.00	352.00
2005.98015	 -10.36	  22.30	2005.00	359.00
2006.53114	 -20.59	   8.90	2006.00	195.00
2006.53388	 -19.29	   8.90	2006.00	196.00
2006.53662	 -18.98	   8.80	2006.00	197.00
2006.53936	 -23.47	   9.40	2006.00	198.00
2006.54209	 -19.16	   8.40	2006.00	199.00
2006.54483	 -22.16	   8.50	2006.00	200.00
2006.54757	 -18.25	   8.50	2006.00	201.00
2006.55031	 -18.64	   8.40	2006.00	202.00
2006.55305	 -15.73	   8.40	2006.00	203.00
2006.55578	 -13.82	   8.40	2006.00	204.00
2006.55852	 -13.92	   8.40	2006.00	205.00
2006.56126	 -16.91	   8.40	2006.00	206.00
2006.56400	 -16.30	   8.40	2006.00	207.00
2006.56674	 -18.59	   8.40	2006.00	208.00
2006.56947	 -17.29	   8.90	2006.00	209.00
2006.57221	 -23.88	   8.40	2006.00	210.00
2006.57495	 -21.47	   8.40	2006.00	211.00
2006.57769	 -15.16	   8.40	2006.00	212.00
2006.58042	 -16.75	   8.50	2006.00	213.00
2006.58316	 -12.65	   8.90	2006.00	214.00
2006.58590	 -12.14	   8.90	2006.00	215.00
2006.58864	 -16.83	   8.90	2006.00	216.00
2006.59138	 -13.02	   8.90	2006.00	217.00
2006.59411	 -11.92	   8.90	2006.00	218.00
2006.59685	 -14.71	   8.90	2006.00	219.00
2006.59959	 -15.50	   8.70	2006.00	220.00
2006.60233	 -12.29	   8.90	2006.00	221.00
2006.60507	 -17.58	   8.40	2006.00	222.00
2006.60780	 -16.18	   8.40	2006.00	223.00
2006.61054	 -13.47	   8.40	2006.00	224.00
2006.61328	 -16.36	   8.40	2006.00	225.00
2006.61602	 -11.15	   8.40	2006.00	226.00
2006.61875	 -10.94	   8.40	2006.00	227.00
2006.62149	 -14.44	   8.40	2006.00	228.00
2006.62423	 -13.03	   8.40	2006.00	229.00
2006.62697	 -19.52	   8.40	2006.00	230.00
2006.62971	 -11.71	   8.40	2006.00	231.00
2006.63244	  -9.31	   8.40	2006.00	232.00
2006.63518	 -10.10	   8.40	2006.00	233.00
2006.63792	 -15.79	   8.40	2006.00	234.00
2006.64066	 -15.28	   8.40	2006.00	235.00
2006.64339	 -10.77	   8.40	2006.00	236.00
2006.64613	  -8.47	   8.90	2006.00	237.00
2006.64887	  -4.96	   8.90	2006.00	238.00
2006.65161	  -8.65	   8.90	2006.00	239.00
2006.65435	 -10.94	   8.90	2006.00	240.00
2006.65708	  -8.34	   8.90	2006.00	241.00
2006.65982	 -13.73	   9.30	2006.00	242.00
2006.66256	 -11.22	   9.10	2006.00	243.00
2006.66530	 -14.01	   8.90	2006.00	244.00
2006.66804	 -10.80	   8.90	2006.00	245.00
2006.67077	 -14.90	   8.90	2006.00	246.00
2006.67351	 -11.29	   9.10	2006.00	247.00
2006.67625	 -14.68	   8.90	2006.00	248.00
2006.67899	 -12.87	   8.90	2006.00	249.00
2006.68172	  -9.37	   9.10	2006.00	250.00
2006.68446	  -5.56	   9.10	2006.00	251.00
2006.68720	  -7.15	   8.90	2006.00	252.00
2006.68994	 -12.14	   8.60	2006.00	253.00
2006.69268	  -9.53	   8.40	2006.00	254.00
2006.69541	  -9.13	   8.40	2006.00	255.00
2006.69815	  -4.52	   8.80	2006.00	256.00
2006.70089	   0.19	   9.30	2006.00	257.00
2006.70363	  -3.30	   8.90	2006.00	258.00
2006.70637	  -9.30	   8.40	2006.00	259.00
2006.70910	  -6.99	   8.40	2006.00	260.00
2006.71184	  -1.68	   8.80	2006.00	261.00
2006.71458	  -2.77	   8.40	2006.00	262.00
2006.71732	 -13.76	   8.40	2006.00	263.00
2006.72005	  -2.16	   8.80	2006.00	264.00
2006.72279	  -6.85	   8.90	2006.00	265.00
2006.72553	 -10.94	   8.80	2006.00	266.00
2006.72827	  -8.33	   8.80	2006.00	267.00
2006.73101	  -4.23	   8.40	2006.00	268.00
2006.73374	  -9.32	   8.60	2006.00	269.00
2006.73922	 -13.10	   8.40	2006.00	271.00
2006.74196	 -10.49	   8.60	2006.00	272.00
2006.74470	  -8.29	   8.40	2006.00	273.00
2006.74743	  -9.38	   8.80	2006.00	274.00
2006.75017	 -14.97	   8.60	2006.00	275.00
2006.75291	 -14.96	   8.60	2006.00	276.00
2006.75565	 -12.26	   8.40	2006.00	277.00
2006.75838	  -5.05	   8.80	2006.00	278.00
2006.76112	 -17.34	   8.70	2006.00	279.00
2006.76386	 -13.83	   8.90	2006.00	280.00
2006.76660	 -18.02	   8.90	2006.00	281.00
2006.76934	 -16.02	   8.60	2006.00	282.00
2006.77207	 -15.31	   8.60	2006.00	283.00
2006.78029	 -10.69	   8.40	2006.00	286.00
2006.78303	  -8.58	   8.70	2006.00	287.00
2006.78576	  -1.17	   9.10	2006.00	288.00
2006.78850	  -0.26	   8.40	2006.00	289.00
2006.79124	  -4.35	   8.40	2006.00	290.00
2006.79398	 -12.55	   8.40	2006.00	291.00
2006.79671	 -13.54	   8.90	2006.00	292.00
2006.79945	 -11.63	   8.90	2006.00	293.00
2006.80219	 -17.92	   8.40	2006.00	294.00
2006.80493	 -14.32	   8.40	2006.00	295.00
2006.80767	 -13.31	   8.40	2006.00	296.00
2006.81040	  -6.50	   8.80	2006.00	297.00
2006.81314	  -7.49	   8.90	2006.00	298.00
2006.81588	 -11.58	   8.90	2006.00	299.00
2006.81862	 -13.78	   8.40	2006.00	300.00
2006.82136	 -15.17	   8.40	2006.00	301.00
2006.82409	   0.74	   8.90	2006.00	302.00
2006.82683	   2.55	   8.40	2006.00	303.00
2006.82957	  -7.95	   8.40	2006.00	304.00
2006.83231	 -11.24	   8.40	2006.00	305.00
2006.83504	 -14.03	   8.40	2006.00	306.00
2006.83778	 -16.12	   8.80	2006.00	307.00
2006.84052	 -21.01	   8.80	2006.00	308.00
2006.84326	 -17.91	   8.90	2006.00	309.00
2006.84600	 -23.10	   8.70	2006.00	310.00
2006.84873	 -22.09	   8.90	2006.00	311.00
2006.85147	 -13.68	   8.90	2006.00	312.00
2006.85421	 -11.87	   8.90	2006.00	313.00
2006.85695	 -18.97	   8.90	2006.00	314.00
2006.85969	 -11.56	   8.90	2006.00	315.00
2006.86242	  -5.65	   9.10	2006.00	316.00
2006.86516	  -0.04	   8.90	2006.00	317.00
2006.86790	   3.66	   8.40	2006.00	318.00
2006.94730	  25.79	   9.50	2006.00	347.00
2007.01095	  27.47	  12.00	2007.00	  5.00
2007.01643	  23.49	  12.90	2007.00	  7.00
2007.01916	  14.79	  11.70	2007.00	  8.00
2007.02190	  27.40	  12.00	2007.00	  9.00
2007.03012	  14.33	  12.00	2007.00	 12.00
2007.03285	   7.23	  11.80	2007.00	 13.00
2007.41889	 -23.47	  15.90	2007.00	154.00
2007.42163	 -16.06	  17.00	2007.00	155.00
2007.42437	 -15.85	  14.10	2007.00	156.00
2007.42710	 -22.14	   9.90	2007.00	157.00
2007.42984	 -33.84	   8.40	2007.00	158.00
2007.43258	 -29.03	   8.40	2007.00	159.00
2007.43532	 -25.32	   8.40	2007.00	160.00
2007.43806	 -28.11	   8.40	2007.00	161.00
2007.44079	 -26.41	   8.40	2007.00	162.00
2007.44353	 -32.30	   8.40	2007.00	163.00
2007.44627	 -28.49	   8.70	2007.00	164.00
2007.44901	 -34.38	   8.50	2007.00	165.00
2007.45175	 -32.57	   9.00	2007.00	166.00
2007.45448	 -33.07	   8.40	2007.00	167.00
2007.45722	 -13.46	   8.70	2007.00	168.00
2007.45996	 -27.35	   8.40	2007.00	169.00
2007.46270	 -29.34	   8.70	2007.00	170.00
2007.46543	 -28.74	   8.40	2007.00	171.00
2007.46817	 -26.83	   8.50	2007.00	172.00
2007.47091	 -30.02	   8.60	2007.00	173.00
2007.47365	 -27.11	   8.40	2007.00	174.00
2007.47639	 -28.40	   8.90	2007.00	175.00
2007.47912	 -32.70	   8.40	2007.00	176.00
2007.48186	 -31.79	   8.40	2007.00	177.00
2007.48460	 -31.28	   8.40	2007.00	178.00
2007.48734	 -34.47	   8.90	2007.00	179.00
2007.49008	 -25.67	   8.90	2007.00	180.00
2007.49281	 -27.96	   8.50	2007.00	181.00
2007.49555	 -29.65	   8.70	2007.00	182.00
2007.49829	 -34.84	   8.70	2007.00	183.00
2007.50103	 -26.83	   8.60	2007.00	184.00
2007.50376	 -26.83	   8.40	2007.00	185.00
2007.50650	 -29.82	   8.20	2007.00	186.00
2007.50924	 -24.11	   8.40	2007.00	187.00
2007.51198	 -28.70	   8.40	2007.00	188.00
2007.51472	 -24.00	   9.00	2007.00	189.00
2007.51745	 -24.79	   8.40	2007.00	190.00
2007.52019	 -30.58	   8.40	2007.00	191.00
2007.52293	 -27.97	   8.60	2007.00	192.00
2007.52567	 -27.46	   8.40	2007.00	193.00
2007.52841	 -17.56	   8.60	2007.00	194.00
2007.53114	 -24.45	   8.40	2007.00	195.00
2007.53388	 -19.74	   8.90	2007.00	196.00
2007.53662	 -16.13	   8.60	2007.00	197.00
2007.53936	 -24.52	   8.40	2007.00	198.00
2007.54209	 -25.72	   8.40	2007.00	199.00
2007.54483	 -18.11	   8.40	2007.00	200.00
2007.54757	 -25.50	   8.40	2007.00	201.00
2007.55031	 -17.59	   8.40	2007.00	202.00
2007.55305	 -28.59	   8.20	2007.00	203.00
2007.55578	 -23.88	   8.40	2007.00	204.00
2007.55852	 -19.57	   8.40	2007.00	205.00
2007.56126	 -21.56	   8.20	2007.00	206.00
2007.56400	 -22.15	   8.20	2007.00	207.00
2007.56674	 -22.35	   8.40	2007.00	208.00
2007.56947	 -24.24	   8.40	2007.00	209.00
2007.57221	 -19.23	   8.40	2007.00	210.00
2007.57495	 -18.32	   8.20	2007.00	211.00
2007.57769	 -23.72	   8.20	2007.00	212.00
2007.58042	 -17.51	   8.20	2007.00	213.00
2007.58316	 -18.50	   8.20	2007.00	214.00
2007.58590	 -18.39	   8.40	2007.00	215.00
2007.58864	 -20.08	   8.20	2007.00	216.00
2007.59138	 -18.28	   8.20	2007.00	217.00
2007.59411	 -14.87	   8.40	2007.00	218.00
2007.59685	 -16.76	   8.40	2007.00	219.00
2007.59959	 -14.25	   8.40	2007.00	220.00
2007.60233	 -16.05	   8.20	2007.00	221.00
2007.60507	 -12.64	   8.20	2007.00	222.00
2007.60780	 -17.53	   8.20	2007.00	223.00
2007.61054	 -15.02	   8.20	2007.00	224.00
2007.61328	 -21.21	   8.20	2007.00	225.00
2007.61602	 -19.01	   8.90	2007.00	226.00
2007.61875	 -13.70	   8.90	2007.00	227.00
2007.62149	 -20.79	   8.60	2007.00	228.00
2007.62423	 -15.98	   8.60	2007.00	229.00
2007.62697	 -15.38	   8.90	2007.00	230.00
2007.62971	 -18.47	   9.10	2007.00	231.00
2007.63244	 -18.16	   8.60	2007.00	232.00
2007.63518	 -17.25	   8.60	2007.00	233.00
2007.63792	 -19.64	   8.40	2007.00	234.00
2007.64066	 -16.14	   8.20	2007.00	235.00
2007.64339	 -16.33	   8.60	2007.00	236.00
2007.64613	 -19.52	   8.70	2007.00	237.00
2007.64887	 -15.51	   8.70	2007.00	238.00
2007.65161	 -17.81	   8.70	2007.00	239.00
2007.65435	 -15.00	   8.40	2007.00	240.00
2007.65708	 -19.29	   8.40	2007.00	241.00
2007.65982	 -17.08	   8.60	2007.00	242.00
2007.66256	 -15.47	   8.60	2007.00	243.00
2007.66530	 -17.67	   8.40	2007.00	244.00
2007.66804	 -14.26	   8.60	2007.00	245.00
2007.67077	 -11.25	   8.60	2007.00	246.00
2007.67351	 -16.74	   8.80	2007.00	247.00
2007.67625	  -9.84	   8.60	2007.00	248.00
2007.67899	 -12.13	   8.60	2007.00	249.00
2007.68172	 -15.62	   8.40	2007.00	250.00
2007.68446	 -14.41	   8.70	2007.00	251.00
2007.68720	 -19.20	   8.70	2007.00	252.00
2007.68994	 -14.10	   8.60	2007.00	253.00
2007.69268	 -15.29	   8.60	2007.00	254.00
2007.69541	 -11.68	   8.40	2007.00	255.00
2007.69815	 -17.57	   8.40	2007.00	256.00
2007.70089	 -14.37	   8.60	2007.00	257.00
2007.70363	 -11.36	   8.90	2007.00	258.00
2007.70637	 -13.75	   8.40	2007.00	259.00
2007.70910	 -10.14	   8.90	2007.00	260.00
2007.71184	 -17.33	   8.40	2007.00	261.00
2007.71458	 -18.93	   8.40	2007.00	262.00
2007.71732	 -12.72	   8.40	2007.00	263.00
2007.72005	 -10.31	   8.40	2007.00	264.00
2007.72279	  -9.70	   8.40	2007.00	265.00
2007.72553	 -10.20	   8.40	2007.00	266.00
2007.72827	  -9.59	   8.40	2007.00	267.00
2007.73101	 -16.98	   8.40	2007.00	268.00
2007.73374	  -6.27	   8.40	2007.00	269.00
2007.73648	 -11.26	   8.40	2007.00	270.00
2007.73922	  -9.96	   8.40	2007.00	271.00
2007.74196	 -10.25	   8.20	2007.00	272.00
2007.74470	  -6.24	   8.40	2007.00	273.00
2007.74743	  -4.43	   8.80	2007.00	274.00
2007.75017	  -3.62	   8.90	2007.00	275.00
2007.75291	   0.08	   8.90	2007.00	276.00
2007.75565	   0.09	   8.40	2007.00	277.00
2007.75838	  -2.10	   8.20	2007.00	278.00
2007.76112	   1.51	   8.40	2007.00	279.00
2007.76660	 -10.68	   9.40	2007.00	281.00
2007.76934	  -9.67	   9.10	2007.00	282.00
2007.77207	 -13.06	   8.60	2007.00	283.00
2007.77481	 -10.55	   8.40	2007.00	284.00
2007.77755	 -11.35	   8.40	2007.00	285.00
2007.78029	 -14.34	   8.00	2007.00	286.00
2007.78303	 -11.53	   8.40	2007.00	287.00
2007.78576	 -12.82	   8.20	2007.00	288.00
2007.78850	 -12.42	   8.20	2007.00	289.00
2007.79124	 -13.21	   8.40	2007.00	290.00
2007.79398	  -1.40	   9.10	2007.00	291.00
2007.79671	 -11.59	   8.40	2007.00	292.00
2007.79945	 -11.98	   8.40	2007.00	293.00
2007.80219	 -11.88	   8.40	2007.00	294.00
2007.80493	 -23.27	   8.40	2007.00	295.00
2007.80767	 -24.56	   8.70	2007.00	296.00
2007.81040	 -17.15	   8.90	2007.00	297.00
2007.81314	 -18.45	   8.40	2007.00	298.00
2007.81588	 -26.24	   8.40	2007.00	299.00
2007.81862	 -21.23	   8.40	2007.00	300.00
2007.82136	 -17.72	   8.60	2007.00	301.00
2007.82409	 -24.71	   8.70	2007.00	302.00
2007.82683	 -21.31	   8.40	2007.00	303.00
2007.82957	 -19.50	   8.40	2007.00	304.00
2007.83231	 -20.69	   8.40	2007.00	305.00
2007.83504	 -22.48	   8.10	2007.00	306.00
2007.83778	 -20.48	   8.40	2007.00	307.00
2007.84052	 -20.07	   7.90	2007.00	308.00
2007.84326	 -21.86	   7.90	2007.00	309.00
2007.84600	 -21.85	   8.40	2007.00	310.00
2007.84873	 -15.54	   8.40	2007.00	311.00
2007.85147	 -18.64	   8.60	2007.00	312.00
2007.85421	 -10.03	   8.40	2007.00	313.00
2007.85695	 -11.32	   8.60	2007.00	314.00
2007.85969	 -17.01	   7.90	2007.00	315.00
2007.86242	 -20.31	   8.40	2007.00	316.00
2007.86516	  -5.70	   9.20	2007.00	317.00
2007.86790	 -12.69	   8.40	2007.00	318.00
2007.87064	 -23.68	   8.40	2007.00	319.00
2007.88706	 -19.94	   8.70	2007.00	325.00
2007.88980	 -24.43	   8.20	2007.00	326.00
2007.89528	 -14.61	   8.40	2007.00	328.00
2007.89802	 -24.00	   8.40	2007.00	329.00
2007.90075	 -21.90	   8.40	2007.00	330.00
2007.90349	 -23.29	   8.40	2007.00	331.00
2007.90623	 -28.38	   8.40	2007.00	332.00
2007.90897	 -28.37	   8.40	2007.00	333.00
2007.91170	 -30.17	   8.40	2007.00	334.00
2007.91444	 -25.46	   8.40	2007.00	335.00
2007.91718	 -23.25	   8.40	2007.00	336.00
2007.91992	 -23.94	   8.90	2007.00	337.00
2007.92266	 -24.43	   8.40	2007.00	338.00
2007.92539	 -24.43	   8.40	2007.00	339.00
2007.92813	 -25.22	   8.40	2007.00	340.00
2007.93087	 -29.11	   8.40	2007.00	341.00
2007.93361	 -31.70	   8.40	2007.00	342.00
2007.93634	 -24.90	   8.40	2007.00	343.00
2007.93908	 -18.99	   8.40	2007.00	344.00
2007.94182	 -26.58	   8.40	2007.00	345.00
2007.94456	 -21.47	   8.40	2007.00	346.00
2007.94730	 -23.56	   8.40	2007.00	347.00
2007.95003	 -24.16	   8.40	2007.00	348.00
2007.95277	 -14.15	   8.40	2007.00	349.00
2007.95551	 -21.64	   8.20	2007.00	350.00
2007.95825	 -16.53	   8.40	2007.00	351.00
2007.96099	 -18.92	   8.40	2007.00	352.00
2007.96372	 -14.32	   8.40	2007.00	353.00
2007.96646	 -12.41	   8.40	2007.00	354.00
2007.96920	 -21.00	   8.60	2007.00	355.00
2007.97194	 -15.39	   8.60	2007.00	356.00
2007.97467	 -16.99	   8.80	2007.00	357.00
2007.98015	  -8.07	   8.60	2007.00	359.00
2007.98289	 -13.06	   8.60	2007.00	360.00
2007.98563	 -12.95	   8.60	2007.00	361.00
2007.99658	 -14.42	   8.70	2007.00	365.00
2008.00000	 -19.71	   8.60	2008.00	  1.00
2008.00274	  -7.31	   8.70	2008.00	  2.00
2008.00548	  -4.40	   8.60	2008.00	  3.00
2008.00821	   4.31	   8.70	2008.00	  4.00
2008.01095	  12.82	   8.40	2008.00	  5.00
2008.01369	   9.92	   8.60	2008.00	  6.00
2008.01643	   6.43	   8.60	2008.00	  7.00
2008.01916	  11.34	   8.90	2008.00	  8.00
2008.02190	   4.85	   8.60	2008.00	  9.00
2008.02464	  11.46	   8.70	2008.00	 10.00
2008.02738	   7.56	   8.40	2008.00	 11.00
2008.03012	   0.37	   8.40	2008.00	 12.00
2008.03285	  -6.82	   8.40	2008.00	 13.00
2008.03559	   0.49	   8.70	2008.00	 14.00
2008.03833	   0.10	   8.90	2008.00	 15.00
2008.04107	  -1.30	   9.20	2008.00	 16.00
2008.04381	   6.51	   9.00	2008.00	 17.00
2008.04654	 -10.98	   8.50	2008.00	 18.00
2008.04928	 -16.27	   8.40	2008.00	 19.00
2008.05202	  -9.57	   8.40	2008.00	 20.00
2008.05476	 -17.36	   8.70	2008.00	 21.00
2008.05749	 -24.65	   8.40	2008.00	 22.00
2008.06023	 -26.94	   8.20	2008.00	 23.00
2008.49008	 -27.92	  16.40	2008.00	180.00
2008.49281	 -29.01	  11.10	2008.00	181.00
2008.49555	 -28.10	   8.90	2008.00	182.00
2008.49829	 -29.00	   8.70	2008.00	183.00
2008.50103	 -29.69	   8.70	2008.00	184.00
2008.50376	 -18.78	   9.10	2008.00	185.00
2008.50650	 -21.07	   8.40	2008.00	186.00
2008.50924	 -22.76	   8.70	2008.00	187.00
2008.51198	 -28.86	   8.60	2008.00	188.00
2008.51472	 -28.45	   8.70	2008.00	189.00
2008.51745	 -21.54	   8.70	2008.00	190.00
2008.52019	 -28.63	   8.50	2008.00	191.00
2008.52293	 -29.13	   8.70	2008.00	192.00
2008.52567	 -25.32	   8.70	2008.00	193.00
2008.52841	 -29.21	   8.40	2008.00	194.00
2008.53114	 -29.30	   8.40	2008.00	195.00
2008.53388	 -20.09	   8.50	2008.00	196.00
2008.53662	 -26.39	   8.40	2008.00	197.00
2008.53936	 -27.18	   8.40	2008.00	198.00
2008.54209	 -28.97	   8.40	2008.00	199.00
2008.54483	 -25.76	   8.40	2008.00	200.00
2008.54757	 -22.96	   8.70	2008.00	201.00
2008.55031	 -18.15	   8.40	2008.00	202.00
2008.55305	 -28.74	   8.20	2008.00	203.00
2008.55578	 -19.73	   8.40	2008.00	204.00
2008.55852	 -22.02	   8.40	2008.00	205.00
2008.56126	 -22.12	   8.40	2008.00	206.00
2008.56400	 -18.21	   8.20	2008.00	207.00
2008.56674	 -23.50	   8.20	2008.00	208.00
2008.56947	 -20.39	   8.20	2008.00	209.00
2008.57221	 -16.39	   8.60	2008.00	210.00
2008.57495	 -16.28	   8.70	2008.00	211.00
2008.57769	 -18.37	   8.40	2008.00	212.00
2008.58042	 -23.26	   8.20	2008.00	213.00
2008.58316	 -19.15	   8.70	2008.00	214.00
2008.58590	 -11.95	   8.20	2008.00	215.00
2008.58864	 -19.64	   8.40	2008.00	216.00
2008.59138	 -25.43	   8.40	2008.00	217.00
2008.59411	 -17.92	   8.20	2008.00	218.00
2008.59685	 -17.82	   8.60	2008.00	219.00
2008.59959	 -22.01	   8.90	2008.00	220.00
2008.60233	 -25.00	   8.70	2008.00	221.00
2008.60507	 -15.09	   8.40	2008.00	222.00
2008.60780	 -20.48	   8.40	2008.00	223.00
2008.61054	 -20.28	   8.60	2008.00	224.00
2008.61328	 -17.77	   8.60	2008.00	225.00
2008.61602	 -17.96	   8.40	2008.00	226.00
2008.61875	 -17.65	   8.40	2008.00	227.00
2008.62149	 -13.95	   8.40	2008.00	228.00
2008.62423	  -8.84	   8.60	2008.00	229.00
2008.62697	  -9.53	   8.60	2008.00	230.00
2008.62971	  -9.22	   8.60	2008.00	231.00
2008.63244	  -7.51	   8.60	2008.00	232.00
2008.63518	 -16.81	   8.90	2008.00	233.00
2008.63792	 -12.00	   8.60	2008.00	234.00
2008.64066	 -16.89	   8.60	2008.00	235.00
2008.64339	 -27.18	   8.60	2008.00	236.00
2008.64613	  -8.58	   8.90	2008.00	237.00
2008.64887	 -15.37	   8.60	2008.00	238.00
2008.65161	 -14.06	   8.40	2008.00	239.00
2008.65435	 -10.95	   8.90	2008.00	240.00
2008.65708	 -16.94	   9.00	2008.00	241.00
2008.65982	 -17.74	   8.40	2008.00	242.00
2008.66256	 -10.43	   8.60	2008.00	243.00
2008.66530	 -18.52	   8.40	2008.00	244.00
2008.66804	 -18.71	   8.40	2008.00	245.00
2008.67077	 -20.80	   8.40	2008.00	246.00
2008.67351	 -18.50	   8.40	2008.00	247.00
2008.67625	 -11.19	   9.30	2008.00	248.00
2008.67899	 -14.28	   8.60	2008.00	249.00
2008.68172	 -14.97	   8.40	2008.00	250.00
2008.68446	 -12.57	   8.60	2008.00	251.00
2008.68720	 -12.86	   8.40	2008.00	252.00
2008.68994	 -12.45	   8.40	2008.00	253.00
2008.69268	 -11.24	   8.60	2008.00	254.00
2008.69541	 -10.43	   8.40	2008.00	255.00
2008.69815	 -11.83	   8.60	2008.00	256.00
2008.70089	 -10.12	   8.60	2008.00	257.00
2008.70363	 -10.21	   8.40	2008.00	258.00
2008.70637	  -9.60	   8.40	2008.00	259.00
2008.70910	 -15.30	   8.60	2008.00	260.00
2008.71184	 -15.29	   8.80	2008.00	261.00
2008.71458	 -10.28	   8.40	2008.00	262.00
2008.71732	 -14.27	   8.40	2008.00	263.00
2008.72005	  -5.26	   8.40	2008.00	264.00
2008.72279	  -7.86	   8.60	2008.00	265.00
2008.72553	  -4.55	   8.40	2008.00	266.00
2008.72827	  -9.14	   8.40	2008.00	267.00
2008.73101	 -17.93	   8.60	2008.00	268.00
2008.73374	  -5.03	   8.60	2008.00	269.00
2008.73648	 -14.02	   9.20	2008.00	270.00
2008.73922	  -8.11	   8.40	2008.00	271.00
2008.74196	 -12.60	   8.40	2008.00	272.00
2008.74470	 -12.19	   8.60	2008.00	273.00
2008.74743	 -16.39	   8.40	2008.00	274.00
2008.75017	 -16.08	   8.60	2008.00	275.00
2008.75291	  -7.17	   8.40	2008.00	276.00
2008.75565	  -9.66	   8.60	2008.00	277.00
2008.75838	 -13.76	   8.60	2008.00	278.00
2008.76112	  -8.65	   8.60	2008.00	279.00
2008.76386	  -1.14	   8.60	2008.00	280.00
2008.76660	 -11.83	   9.10	2008.00	281.00
2008.76934	 -14.42	   8.70	2008.00	282.00
2008.77207	 -20.42	   8.20	2008.00	283.00
2008.77481	 -20.31	   8.40	2008.00	284.00
2008.77755	 -13.80	   8.20	2008.00	285.00
2008.78029	 -15.59	   8.60	2008.00	286.00
2008.78303	 -15.99	   8.60	2008.00	287.00
2008.78576	 -15.78	   8.40	2008.00	288.00
2008.78850	 -18.17	   8.60	2008.00	289.00
2008.79124	 -19.56	   8.60	2008.00	290.00
2008.79398	 -17.25	   8.60	2008.00	291.00
2008.79671	 -17.45	   8.40	2008.00	292.00
2008.79945	 -17.04	   8.20	2008.00	293.00
2008.80219	  -8.83	   8.60	2008.00	294.00
2008.80493	 -16.02	   8.20	2008.00	295.00
2008.80767	 -19.82	   8.20	2008.00	296.00
2008.81040	 -10.61	   8.40	2008.00	297.00
2008.81314	 -14.30	   8.40	2008.00	298.00
2008.81588	 -10.79	   8.20	2008.00	299.00
2008.81862	 -17.78	   8.20	2008.00	300.00
2008.82136	 -17.08	   8.20	2008.00	301.00
2008.82409	 -20.57	   8.40	2008.00	302.00
2008.82683	 -13.26	   8.60	2008.00	303.00
2008.82957	  -5.55	   8.40	2008.00	304.00
2008.83231	 -20.95	   8.60	2008.00	305.00
2008.83504	 -19.24	   8.40	2008.00	306.00
2008.83778	  -6.03	   8.60	2008.00	307.00
2008.84052	  -4.62	   8.40	2008.00	308.00
2008.84326	  -1.81	   8.40	2008.00	309.00
2008.84600	  -9.11	   8.40	2008.00	310.00
2008.84873	  -8.30	   8.40	2008.00	311.00
2008.85147	 -15.09	   8.60	2008.00	312.00
2008.85421	 -19.18	   8.60	2008.00	313.00
2008.85695	  -8.08	   8.60	2008.00	314.00
2008.85969	  -5.97	   8.40	2008.00	315.00
2008.86242	  -3.76	   8.60	2008.00	316.00
2008.86516	 -18.05	   8.90	2008.00	317.00
2008.86790	  -3.84	   8.70	2008.00	318.00
2008.87064	 -14.34	   8.90	2008.00	319.00
2008.87337	 -20.63	   8.40	2008.00	320.00
2008.87611	 -15.92	   8.40	2008.00	321.00
2008.87885	 -11.81	   8.40	2008.00	322.00
2008.88159	 -13.70	   8.40	2008.00	323.00
2008.88433	 -20.80	   8.60	2008.00	324.00
2008.88706	 -18.99	   8.60	2008.00	325.00
2008.88980	 -16.38	   8.60	2008.00	326.00
2008.89254	 -18.17	   8.40	2008.00	327.00
2008.89528	 -20.27	   8.60	2008.00	328.00
2008.89802	 -17.76	   8.60	2008.00	329.00
2008.90075	 -20.45	   8.60	2008.00	330.00
2008.90349	 -18.94	   8.40	2008.00	331.00
2008.90623	 -15.33	   8.60	2008.00	332.00
2008.90897	  -8.73	   8.60	2008.00	333.00
2008.91170	 -13.22	   8.60	2008.00	334.00
2008.91444	 -15.11	   8.40	2008.00	335.00
2008.91718	 -10.70	   8.40	2008.00	336.00
2008.91992	  -6.00	   8.60	2008.00	337.00
2008.92266	  -8.59	   8.40	2008.00	338.00
2008.92539	 -17.98	   8.60	2008.00	339.00
2008.92813	 -20.37	   8.60	2008.00	340.00
2008.93087	 -18.56	   8.60	2008.00	341.00
2008.93361	  -6.56	   8.90	2008.00	342.00
2008.93634	   5.25	   8.60	2008.00	343.00
2008.93908	  -5.94	   8.60	2008.00	344.00
2008.94182	 -12.43	   8.60	2008.00	345.00
2008.94456	 -19.13	   8.40	2008.00	346.00
2008.94730	 -13.42	   8.70	2008.00	347.00
2008.95003	 -15.61	   8.40	2008.00	348.00
2008.95277	 -13.70	   8.20	2008.00	349.00
2008.95551	 -16.69	   8.20	2008.00	350.00
2008.95825	 -13.99	   8.20	2008.00	351.00
2008.96099	 -12.18	   8.40	2008.00	352.00
2008.96372	   1.53	   8.40	2008.00	353.00
2008.96646	  -0.56	   8.60	2008.00	354.00
2008.96920	  -1.36	   8.40	2008.00	355.00
2008.97194	  -3.25	   8.40	2008.00	356.00
2008.97467	  -4.34	   8.20	2008.00	357.00
2008.97741	  -7.43	   8.40	2008.00	358.00
2008.98015	  -6.92	   8.40	2008.00	359.00
2008.98289	  -2.82	   8.40	2008.00	360.00
2008.98563	   1.39	   8.40	2008.00	361.00
2008.98836	   1.60	   8.40	2008.00	362.00
2009.02464	 -30.10	  11.60	2009.00	 10.00
2009.03285	 -28.67	   8.90	2009.00	 13.00
2009.03559	 -20.27	   8.60	2009.00	 14.00
2009.03833	 -25.46	   8.40	2009.00	 15.00
2009.04107	 -25.65	   8.40	2009.00	 16.00
2009.04381	 -26.74	   8.20	2009.00	 17.00
2009.04654	 -24.04	   8.20	2009.00	 18.00
2009.04928	 -25.63	   8.20	2009.00	 19.00
2009.05202	 -26.12	   8.40	2009.00	 20.00
2009.05476	 -21.81	   8.40	2009.00	 21.00
2009.05749	 -23.30	   8.40	2009.00	 22.00
2009.06023	 -21.90	   8.40	2009.00	 23.00
2009.06297	 -25.59	   8.40	2009.00	 24.00
2009.06571	 -25.58	   8.40	2009.00	 25.00
2009.06845	 -23.97	   8.40	2009.00	 26.00
2009.07118	 -16.67	   8.70	2009.00	 27.00
2009.07392	  -6.46	   8.40	2009.00	 28.00
2009.07666	   1.15	   8.40	2009.00	 29.00
2009.07940	 -23.04	   8.40	2009.00	 30.00
2009.08214	 -11.33	   8.40	2009.00	 31.00
2009.08487	 -22.73	   8.40	2009.00	 32.00
2009.08761	 -25.52	   8.40	2009.00	 33.00
2009.09035	 -25.21	   8.40	2009.00	 34.00
2009.09309	 -24.70	   8.20	2009.00	 35.00
2009.09582	 -23.30	   8.40	2009.00	 36.00
2009.09856	 -23.59	   8.40	2009.00	 37.00
2009.10130	 -24.28	   8.40	2009.00	 38.00
2009.10404	 -20.77	   8.40	2009.00	 39.00
2009.10678	 -18.66	   8.40	2009.00	 40.00
2009.10951	 -22.46	   8.40	2009.00	 41.00
2009.11225	 -24.65	   8.40	2009.00	 42.00
2009.11499	 -25.64	   8.40	2009.00	 43.00
2009.11773	 -24.33	   8.20	2009.00	 44.00
2009.12047	 -11.13	   8.20	2009.00	 45.00
2009.12320	 -14.62	   8.40	2009.00	 46.00
2009.12594	 -11.31	   8.40	2009.00	 47.00
2009.12868	 -12.80	   8.40	2009.00	 48.00
2009.13142	 -14.69	   8.40	2009.00	 49.00
2009.13415	 -17.59	   8.40	2009.00	 50.00
2009.13689	 -24.98	   8.40	2009.00	 51.00
2009.13963	 -20.77	   8.50	2009.00	 52.00
2009.14237	 -19.96	   8.40	2009.00	 53.00
2009.14511	 -20.15	   8.60	2009.00	 54.00
2009.14784	  -7.95	   8.60	2009.00	 55.00
2009.15058	  -4.74	   8.40	2009.00	 56.00
2009.15332	  -8.13	   8.40	2009.00	 57.00
2009.15606	 -10.82	   8.90	2009.00	 58.00
2009.15880	 -22.72	   8.40	2009.00	 59.00
2009.16153	 -31.61	   8.40	2009.00	 60.00
2009.16427	 -21.00	   8.40	2009.00	 61.00
2009.16701	 -14.09	   8.70	2009.00	 62.00
2009.16975	 -19.98	   8.40	2009.00	 63.00
2009.17248	 -12.58	   8.50	2009.00	 64.00
2009.17522	  -9.07	   8.90	2009.00	 65.00
2009.17796	 -10.46	   8.40	2009.00	 66.00
2009.18070	  -0.65	  12.20	2009.00	 67.00
2009.18344	  -0.15	  11.60	2009.00	 68.00
2009.45722	 -23.07	   8.60	2009.00	168.00
2009.45996	 -17.16	   8.40	2009.00	169.00
2009.46270	 -21.75	   8.40	2009.00	170.00
2009.46543	 -23.84	   8.40	2009.00	171.00
2009.46817	 -22.94	   8.40	2009.00	172.00
2009.47091	 -21.93	   8.90	2009.00	173.00
2009.47365	 -17.92	   8.80	2009.00	174.00
2009.47639	 -19.51	   8.90	2009.00	175.00
2009.47912	 -14.70	   8.70	2009.00	176.00
2009.48186	 -22.80	   8.40	2009.00	177.00
2009.48460	 -20.59	   8.80	2009.00	178.00
2009.48734	 -21.88	   8.60	2009.00	179.00
2009.49008	 -17.97	   8.90	2009.00	180.00
2009.49281	 -15.87	   8.90	2009.00	181.00
2009.49555	 -18.76	   8.40	2009.00	182.00
2009.49829	 -15.05	   8.40	2009.00	183.00
2009.50103	 -19.94	   8.40	2009.00	184.00
2009.50376	 -16.43	   8.40	2009.00	185.00
2009.50650	 -19.33	   8.40	2009.00	186.00
2009.50924	 -20.62	   8.40	2009.00	187.00
2009.51198	 -17.61	   8.40	2009.00	188.00
2009.51472	 -20.40	   8.40	2009.00	189.00
2009.51745	 -14.40	   8.40	2009.00	190.00
2009.52019	 -18.99	   8.40	2009.00	191.00
2009.52293	 -15.18	   8.60	2009.00	192.00
2009.52567	 -21.57	   8.40	2009.00	193.00
2009.52841	 -25.66	   8.40	2009.00	194.00
2009.53114	 -14.16	   8.40	2009.00	195.00
2009.53388	 -17.05	   8.40	2009.00	196.00
2009.53662	 -18.14	   8.40	2009.00	197.00
2009.53936	 -14.23	   8.20	2009.00	198.00
2009.54209	 -16.73	   8.10	2009.00	199.00
2009.54483	 -16.72	   8.40	2009.00	200.00
2009.54757	 -19.11	   8.40	2009.00	201.00
2009.55031	 -15.50	   8.40	2009.00	202.00
2009.55305	 -12.19	   8.40	2009.00	203.00
2009.55578	 -13.99	   8.10	2009.00	204.00
2009.55852	 -16.48	   8.60	2009.00	205.00
2009.56126	 -11.57	   8.90	2009.00	206.00
2009.56400	 -17.66	   8.40	2009.00	207.00
2009.56674	  -9.86	   8.40	2009.00	208.00
2009.56947	  -6.55	   8.40	2009.00	209.00
2009.57221	 -22.14	   8.40	2009.00	210.00
2009.57495	 -12.43	   8.60	2009.00	211.00
2009.57769	  -8.82	   8.40	2009.00	212.00
2009.58042	 -13.02	   8.40	2009.00	213.00
2009.58316	 -17.71	   8.40	2009.00	214.00
2009.58590	 -17.20	   8.20	2009.00	215.00
2009.58864	 -11.59	   8.40	2009.00	216.00
2009.59138	 -15.58	   8.40	2009.00	217.00
2009.59411	 -14.98	   8.30	2009.00	218.00
2009.59685	 -10.37	   8.40	2009.00	219.00
2009.59959	 -13.26	   8.40	2009.00	220.00
2009.60233	 -14.95	   8.20	2009.00	221.00
2009.60507	  -9.95	   8.40	2009.00	222.00
2009.60780	 -12.34	   8.40	2009.00	223.00
2009.61054	 -16.43	   8.60	2009.00	224.00
2009.61328	 -16.02	   8.40	2009.00	225.00
2009.61602	 -18.51	   8.10	2009.00	226.00
2009.61875	 -12.41	   8.40	2009.00	227.00
2009.62149	 -11.30	   8.40	2009.00	228.00
2009.62423	 -15.29	   8.40	2009.00	229.00
2009.62697	 -10.28	   8.40	2009.00	230.00
2009.62971	 -14.68	   8.30	2009.00	231.00
2009.63244	 -12.27	   8.40	2009.00	232.00
2009.63518	 -12.66	   8.40	2009.00	233.00
2009.63792	 -13.05	   8.40	2009.00	234.00
2009.64066	 -15.04	   8.40	2009.00	235.00
2009.64339	 -11.94	   8.40	2009.00	236.00
2009.64613	  -5.33	   8.50	2009.00	237.00
2009.64887	 -14.42	   8.40	2009.00	238.00
2009.65161	 -17.01	   8.40	2009.00	239.00
2009.65435	 -14.51	   8.40	2009.00	240.00
2009.65708	 -15.50	   8.40	2009.00	241.00
2009.65982	 -11.69	   8.40	2009.00	242.00
2009.66256	  -9.48	   8.40	2009.00	243.00
2009.66530	  -8.37	   8.60	2009.00	244.00
2009.66804	 -11.77	   8.40	2009.00	245.00
2009.67077	 -10.16	   8.80	2009.00	246.00
2009.67351	 -14.15	   8.40	2009.00	247.00
2009.67625	 -15.84	   8.40	2009.00	248.00
2009.67899	  -4.94	   8.90	2009.00	249.00
2009.68172	 -17.93	   8.40	2009.00	250.00
2009.68446	 -12.92	   8.40	2009.00	251.00
2009.68720	  -6.21	   8.40	2009.00	252.00
2009.68994	  -8.00	   8.40	2009.00	253.00
2009.69268	 -14.50	   8.30	2009.00	254.00
2009.69541	 -11.39	   8.30	2009.00	255.00
2009.69815	  -8.48	   8.40	2009.00	256.00
2009.70089	  -8.87	   8.40	2009.00	257.00
2009.70363	 -10.57	   8.40	2009.00	258.00
2009.70637	 -12.46	   8.60	2009.00	259.00
2009.70910	 -12.15	   8.40	2009.00	260.00
2009.71184	 -14.64	   8.60	2009.00	261.00
2009.71458	  -9.73	   8.40	2009.00	262.00
2009.71732	 -11.23	   8.40	2009.00	263.00
2009.72005	 -15.52	   8.40	2009.00	264.00
2009.72279	 -16.81	   8.40	2009.00	265.00
2009.72553	 -12.70	   8.40	2009.00	266.00
2009.72827	 -12.00	   8.40	2009.00	267.00
2009.73101	  -9.29	   8.40	2009.00	268.00
2009.73374	  -8.98	   8.40	2009.00	269.00
2009.73648	  -9.57	   8.40	2009.00	270.00
2009.73922	  -5.76	   8.80	2009.00	271.00
2009.74196	 -12.26	   8.40	2009.00	272.00
2009.74470	  -6.75	   8.40	2009.00	273.00
2009.74743	 -14.84	   8.40	2009.00	274.00
2009.75017	 -13.93	   8.40	2009.00	275.00
2009.75291	 -17.93	   8.40	2009.00	276.00
2009.75565	 -15.52	   8.40	2009.00	277.00
2009.75838	 -19.51	   8.40	2009.00	278.00
2009.76112	 -13.70	   8.40	2009.00	279.00
2009.76386	 -11.19	   8.40	2009.00	280.00
2009.76660	 -11.89	   8.40	2009.00	281.00
2009.76934	 -15.38	   8.40	2009.00	282.00
2009.77207	 -13.37	   8.40	2009.00	283.00
2009.77481	 -11.16	   8.40	2009.00	284.00
2009.77755	 -12.96	   8.40	2009.00	285.00
2009.78029	 -11.65	   8.40	2009.00	286.00
2009.78303	  -2.34	   8.40	2009.00	287.00
2009.78576	  -1.03	   8.60	2009.00	288.00
2009.78850	 -12.22	   8.80	2009.00	289.00
2009.79124	 -11.32	   8.90	2009.00	290.00
2009.79398	 -10.51	   8.40	2009.00	291.00
2009.79671	 -13.30	   8.40	2009.00	292.00
2009.79945	 -16.19	   8.40	2009.00	293.00
2009.80219	  -9.78	   8.60	2009.00	294.00
2009.80493	 -12.98	   8.40	2009.00	295.00
2009.80767	 -17.87	   8.60	2009.00	296.00
2009.81040	  -8.96	   8.40	2009.00	297.00
2009.81314	 -13.75	   8.60	2009.00	298.00
2009.81588	  -9.75	   8.70	2009.00	299.00
2009.81862	  -8.44	   8.60	2009.00	300.00
2009.82136	 -11.03	   8.40	2009.00	301.00
2009.82409	  -8.22	   8.80	2009.00	302.00
2009.82683	  -7.31	   8.60	2009.00	303.00
2009.82957	  -3.11	   8.90	2009.00	304.00
2009.83231	 -11.30	   8.40	2009.00	305.00
2009.83504	 -14.79	   8.40	2009.00	306.00
2009.83778	 -13.68	   8.40	2009.00	307.00
2009.84052	 -11.08	   8.40	2009.00	308.00
2009.84326	  -7.67	   8.60	2009.00	309.00
2009.84600	  -2.36	   8.60	2009.00	310.00
2009.84873	  -4.65	   8.60	2009.00	311.00
2009.85147	  -3.94	   8.40	2009.00	312.00
2009.85421	  -5.04	   8.80	2009.00	313.00
2009.85695	   3.67	   8.90	2009.00	314.00
2009.85969	   1.68	   8.80	2009.00	315.00
2009.86242	   3.99	   9.10	2009.00	316.00
2009.86516	   4.79	   8.90	2009.00	317.00
2009.86790	  -1.10	   8.60	2009.00	318.00
2009.87064	  -8.29	   8.40	2009.00	319.00
2009.87337	  17.32	   9.80	2009.00	320.00
2009.88159	  12.34	   9.30	2009.00	323.00
2009.88433	  -3.85	   9.10	2009.00	324.00
2009.88706	   6.56	   8.80	2009.00	325.00
2009.88980	   8.16	   8.90	2009.00	326.00
2009.89254	  13.77	   8.80	2009.00	327.00
2009.90075	 -12.40	   9.10	2009.00	330.00
2009.90349	 -20.20	   9.30	2009.00	331.00
2009.90623	 -10.49	   8.90	2009.00	332.00
2009.90897	 -10.18	   8.90	2009.00	333.00
2009.91170	 -16.47	   9.10	2009.00	334.00
2009.91444	 -21.47	   8.90	2009.00	335.00
2009.91718	 -19.16	   8.40	2009.00	336.00
2009.91992	 -19.75	   8.40	2009.00	337.00
2009.92266	 -17.54	   8.40	2009.00	338.00
2009.92539	 -25.13	   8.40	2009.00	339.00
2009.92813	 -21.63	   8.40	2009.00	340.00
2009.93087	 -17.82	   8.50	2009.00	341.00
2009.93361	 -16.61	   8.40	2009.00	342.00
2009.93634	 -16.80	   8.60	2009.00	343.00
2009.93908	 -19.60	   8.40	2009.00	344.00
2009.94182	 -15.89	   8.40	2009.00	345.00
2009.94456	 -13.38	   8.60	2009.00	346.00
2009.94730	 -12.17	   8.40	2009.00	347.00
2009.95003	  -8.56	   8.40	2009.00	348.00
2009.95277	  -9.16	   8.40	2009.00	349.00
2009.95551	  -1.95	   8.90	2009.00	350.00
2009.96646	 -16.42	   8.90	2009.00	354.00
2009.97194	 -17.90	   8.40	2009.00	356.00
2009.97467	 -22.29	   8.40	2009.00	357.00
2009.97741	 -20.19	   8.40	2009.00	358.00
2009.98015	 -22.68	   8.40	2009.00	359.00
2009.98289	 -23.37	   8.40	2009.00	360.00
2009.98563	 -26.56	   8.40	2009.00	361.00
2009.98836	 -21.46	   8.40	2009.00	362.00
2009.99110	 -21.05	   8.40	2009.00	363.00
2009.99384	 -16.94	   7.90	2009.00	364.00
2009.99658	 -16.43	   8.40	2009.00	365.00
2010.00000	   7.38	   9.40	2010.00	  1.00
2010.01643	 -27.18	   8.40	2010.00	  7.00
2010.01916	 -20.67	   8.60	2010.00	  8.00
2010.02190	 -24.56	   8.60	2010.00	  9.00
2010.02464	 -23.45	   8.40	2010.00	 10.00
2010.02738	 -24.84	   8.40	2010.00	 11.00
2010.03012	 -18.04	   8.40	2010.00	 12.00
2010.03285	 -13.23	   9.10	2010.00	 13.00
2010.03559	 -15.22	   9.80	2010.00	 14.00
2010.03833	 -12.11	   9.30	2010.00	 15.00
2010.04107	 -16.91	   8.90	2010.00	 16.00
2010.04381	  -6.70	   9.10	2010.00	 17.00
2010.04654	   2.31	   9.10	2010.00	 18.00
2010.04928	   1.82	   9.10	2010.00	 19.00
2010.05202	   4.83	  10.10	2010.00	 20.00
2010.05476	   1.83	   9.60	2010.00	 21.00
2010.05749	   3.54	   8.90	2010.00	 22.00
2010.06023	  -1.05	   8.90	2010.00	 23.00
2010.06297	   3.56	   8.90	2010.00	 24.00
2010.06571	   1.27	   9.10	2010.00	 25.00
2010.06845	  -5.13	   8.90	2010.00	 26.00
2010.07118	 -11.92	   8.90	2010.00	 27.00
2010.07392	  -4.01	   8.90	2010.00	 28.00
2010.07666	  -7.70	   8.70	2010.00	 29.00
2010.07940	  -9.40	   8.60	2010.00	 30.00
2010.08214	 -13.69	   8.40	2010.00	 31.00
2010.08487	 -25.18	   8.70	2010.00	 32.00
2010.08761	 -29.47	   9.10	2010.00	 33.00
2010.09035	 -26.16	   8.90	2010.00	 34.00
2010.09309	 -22.66	   8.90	2010.00	 35.00
2010.09582	   5.35	   9.60	2010.00	 36.00
2010.09856	  -3.94	   8.80	2010.00	 37.00
2010.10130	  -2.33	   8.90	2010.00	 38.00
2010.10404	  -1.13	   8.90	2010.00	 39.00
2010.10678	  -3.92	   8.90	2010.00	 40.00
2010.10951	   1.09	   9.40	2010.00	 41.00
2010.11225	  -2.00	   9.40	2010.00	 42.00
2010.11499	  10.21	   8.90	2010.00	 43.00
2010.11773	   4.81	   8.90	2010.00	 44.00
2010.12047	   1.62	   8.90	2010.00	 45.00
2010.12320	  -3.17	   8.90	2010.00	 46.00
2010.12594	 -11.16	   9.40	2010.00	 47.00
2010.12868	  -5.56	   9.70	2010.00	 48.00
2010.13142	 -13.15	   8.90	2010.00	 49.00
2010.13415	 -13.34	   8.90	2010.00	 50.00
2010.13689	  -9.73	   8.90	2010.00	 51.00
2010.13963	 -12.02	   8.90	2010.00	 52.00
2010.14237	 -23.62	   9.10	2010.00	 53.00
2010.14511	 -27.01	   9.10	2010.00	 54.00
2010.14784	 -19.00	   8.90	2010.00	 55.00
2010.15058	 -12.39	   8.40	2010.00	 56.00
2010.15332	 -16.79	   8.60	2010.00	 57.00
2010.15606	  -2.18	   8.90	2010.00	 58.00
2010.15880	   3.63	   8.90	2010.00	 59.00
2010.16153	 -10.86	   8.90	2010.00	 60.00
2010.16427	 -19.15	   8.90	2010.00	 61.00
2010.16701	 -15.55	   8.40	2010.00	 62.00
2010.16975	 -27.54	   8.40	2010.00	 63.00
2010.17248	 -30.33	   8.60	2010.00	 64.00
2010.17522	 -26.32	   8.60	2010.00	 65.00
2010.17796	 -22.12	   8.60	2010.00	 66.00
2010.18070	 -25.71	   8.40	2010.00	 67.00
2010.18344	 -26.40	   8.40	2010.00	 68.00
2010.18617	 -22.09	   8.40	2010.00	 69.00
2010.18891	 -20.58	   8.70	2010.00	 70.00
2010.19165	 -19.78	   8.90	2010.00	 71.00
2010.19439	 -26.67	   9.40	2010.00	 72.00
2010.19713	 -21.06	   8.60	2010.00	 73.00
2010.19986	 -33.75	   8.40	2010.00	 74.00
2010.20260	 -30.35	   8.40	2010.00	 75.00
2010.20534	 -30.94	   8.40	2010.00	 76.00
2010.20808	 -33.43	   8.40	2010.00	 77.00
2010.21081	 -31.72	   8.40	2010.00	 78.00
2010.21355	 -25.01	   8.70	2010.00	 79.00
2010.21629	 -25.21	   8.90	2010.00	 80.00
2010.21903	 -21.30	   8.40	2010.00	 81.00
2010.22177	 -27.29	   8.90	2010.00	 82.00
2010.22450	 -32.18	   8.60	2010.00	 83.00
2010.22724	 -26.68	   8.40	2010.00	 84.00
2010.22998	 -21.57	   8.40	2010.00	 85.00
2010.23272	 -22.26	   8.90	2010.00	 86.00
2010.23546	 -25.05	   9.30	2010.00	 87.00
2010.53388	 -28.40	  15.10	2010.00	196.00
2010.53662	 -27.69	   8.70	2010.00	197.00
2010.53936	 -30.49	   8.70	2010.00	198.00
2010.54209	 -25.68	   8.70	2010.00	199.00
2010.54483	 -25.07	   8.70	2010.00	200.00
2010.54757	 -24.26	   8.90	2010.00	201.00
2010.55031	 -25.56	   8.90	2010.00	202.00
2010.55305	 -18.05	   8.40	2010.00	203.00
2010.55578	 -18.64	   8.70	2010.00	204.00
2010.55852	 -21.23	   8.70	2010.00	205.00
2010.56126	 -22.52	   8.70	2010.00	206.00
2010.56400	 -20.72	   8.40	2010.00	207.00
2010.56674	 -24.01	   8.40	2010.00	208.00
2010.56947	 -18.50	   8.40	2010.00	209.00
2010.57221	 -22.59	   8.90	2010.00	210.00
2010.57495	 -24.29	   8.90	2010.00	211.00
2010.57769	 -22.68	   8.90	2010.00	212.00
2010.58042	 -19.27	   8.40	2010.00	213.00
2010.58316	 -18.36	   8.40	2010.00	214.00
2010.58590	 -17.05	   8.50	2010.00	215.00
2010.58864	 -20.45	   8.90	2010.00	216.00
2010.59138	 -11.54	   8.90	2010.00	217.00
2010.59411	 -18.93	   8.70	2010.00	218.00
2010.59685	 -15.32	   8.40	2010.00	219.00
2010.59959	 -16.72	   8.50	2010.00	220.00
2010.60233	 -18.91	   8.50	2010.00	221.00
2010.60507	 -18.30	   8.40	2010.00	222.00
2010.60780	 -17.69	   8.80	2010.00	223.00
2010.61054	 -20.08	   8.40	2010.00	224.00
2010.61328	 -15.48	   8.50	2010.00	225.00
2010.61602	 -18.07	   8.50	2010.00	226.00
2010.61875	 -22.26	   8.40	2010.00	227.00
2010.62149	 -10.95	   8.50	2010.00	228.00
2010.62423	 -13.45	   8.40	2010.00	229.00
2010.62697	 -13.84	   8.40	2010.00	230.00
2010.62971	 -16.13	   8.90	2010.00	231.00
2010.63244	 -11.92	   8.40	2010.00	232.00
2010.63792	 -19.01	   8.30	2010.00	234.00
2010.64066	 -16.30	   8.30	2010.00	235.00
2010.64339	 -19.69	   8.40	2010.00	236.00
2010.64613	 -18.38	   8.30	2010.00	237.00
2010.64887	 -14.68	   8.40	2010.00	238.00
2010.65161	 -17.37	   8.40	2010.00	239.00
2010.65435	 -14.96	   8.10	2010.00	240.00
2010.65708	 -13.65	   8.10	2010.00	241.00
2010.65982	 -14.84	   8.40	2010.00	242.00
2010.66256	 -15.64	   8.30	2010.00	243.00
2010.66530	 -10.63	   8.30	2010.00	244.00
2010.66804	 -15.02	   8.00	2010.00	245.00
2010.67077	 -13.81	   8.30	2010.00	246.00
2010.67351	 -12.81	   8.10	2010.00	247.00
2010.67625	 -15.00	   8.10	2010.00	248.00
2010.67899	 -16.09	   8.10	2010.00	249.00
2010.68172	 -13.98	   8.10	2010.00	250.00
2010.68446	 -14.37	   8.40	2010.00	251.00
2010.68720	 -12.67	   8.10	2010.00	252.00
2010.68994	 -10.26	   8.30	2010.00	253.00
2010.69268	 -10.25	   8.40	2010.00	254.00
2010.69541	 -14.44	   8.30	2010.00	255.00
2010.69815	 -15.74	   8.10	2010.00	256.00
2010.70089	 -13.33	   8.30	2010.00	257.00
2010.70363	 -11.52	   8.30	2010.00	258.00
2010.70637	 -18.11	   8.30	2010.00	259.00
2010.70910	 -13.30	   8.40	2010.00	260.00
2010.71184	 -13.10	   8.50	2010.00	261.00
2010.71458	 -10.99	   8.70	2010.00	262.00
2010.71732	 -17.28	   8.10	2010.00	263.00
2010.72005	 -11.67	   8.40	2010.00	264.00
2010.72279	 -19.96	   8.40	2010.00	265.00
2010.72553	 -11.46	   8.50	2010.00	266.00
2010.72827	 -20.55	   8.30	2010.00	267.00
2010.73101	 -16.44	   8.10	2010.00	268.00
2010.73374	 -14.53	   8.40	2010.00	269.00
2010.73648	  -5.93	   8.40	2010.00	270.00
2010.73922	  -8.52	   8.40	2010.00	271.00
2010.74196	 -12.61	   8.10	2010.00	272.00
2010.74470	 -13.60	   8.30	2010.00	273.00
2010.74743	 -15.69	   8.30	2010.00	274.00
2010.75017	  -9.79	   7.90	2010.00	275.00
2010.75291	 -14.58	   8.40	2010.00	276.00
2010.75565	 -15.57	   8.40	2010.00	277.00
2010.75838	 -11.56	   8.00	2010.00	278.00
2010.76112	 -17.66	   8.10	2010.00	279.00
2010.76386	 -17.05	   8.30	2010.00	280.00
2010.76660	 -15.34	   8.30	2010.00	281.00
2010.76934	 -15.73	   8.50	2010.00	282.00
2010.77207	 -10.32	   8.70	2010.00	283.00
2010.77481	 -14.82	   8.10	2010.00	284.00
2010.77755	 -19.81	   8.00	2010.00	285.00
2010.78029	 -15.20	   8.30	2010.00	286.00
2010.78303	 -14.29	   8.50	2010.00	287.00
2010.78576	 -10.89	   8.50	2010.00	288.00
2010.78850	 -16.08	   8.30	2010.00	289.00
2010.79124	 -13.07	   8.30	2010.00	290.00
2010.79398	 -13.76	   8.10	2010.00	291.00
2010.79671	 -14.35	   8.30	2010.00	292.00
2010.79945	  -7.65	   8.30	2010.00	293.00
2010.80219	  -7.54	   8.30	2010.00	294.00
2010.80493	  -5.93	   8.30	2010.00	295.00
2010.80767	 -13.22	   8.50	2010.00	296.00
2010.81040	  -6.32	   8.60	2010.00	297.00
2010.81314	  -3.21	   8.30	2010.00	298.00
2010.81588	   5.20	   8.50	2010.00	299.00
2010.81862	   1.41	   8.50	2010.00	300.00
2010.82136	  -9.88	   8.50	2010.00	301.00
2010.82409	   1.82	   8.50	2010.00	302.00
2010.82683	  -4.37	   8.50	2010.00	303.00
2010.82957	  -5.96	   8.70	2010.00	304.00
2010.83231	 -11.05	   9.00	2010.00	305.00
2010.83504	 -19.45	   8.30	2010.00	306.00
2010.83778	 -21.14	   8.10	2010.00	307.00
2010.84052	 -16.13	   8.40	2010.00	308.00
2010.84326	 -12.02	   8.30	2010.00	309.00
2010.84600	 -14.11	   8.30	2010.00	310.00
2010.84873	 -14.11	   8.30	2010.00	311.00
2010.85147	 -10.20	   8.00	2010.00	312.00
2010.85421	 -13.09	   8.30	2010.00	313.00
2010.85695	 -15.08	   7.90	2010.00	314.00
2010.85969	 -19.58	   8.00	2010.00	315.00
2010.86242	 -19.77	   8.00	2010.00	316.00
2010.86516	 -22.56	   8.30	2010.00	317.00
2010.86790	 -15.55	   8.30	2010.00	318.00
2010.87064	 -14.04	   8.10	2010.00	319.00
2010.87337	   9.16	   8.40	2010.00	320.00
2010.87611	  -4.53	   8.30	2010.00	321.00
2010.87885	  -3.22	   8.30	2010.00	322.00
2010.88159	   0.79	   8.20	2010.00	323.00
2010.88433	   7.09	   8.10	2010.00	324.00
2010.88706	  12.20	   8.40	2010.00	325.00
2010.88980	  10.81	   8.40	2010.00	326.00
2010.89254	   8.92	   8.00	2010.00	327.00
2010.89528	  -0.57	   8.30	2010.00	328.00
2010.89802	  -1.57	   8.30	2010.00	329.00
2010.90075	   1.84	   8.40	2010.00	330.00
2010.90349	  -1.05	   8.00	2010.00	331.00
2010.90623	  -1.64	   8.30	2010.00	332.00
2010.90897	  -6.44	   7.90	2010.00	333.00
2010.91170	  -6.43	   8.30	2010.00	334.00
2010.91444	  -4.72	   8.30	2010.00	335.00
2010.91718	  -5.21	   8.30	2010.00	336.00
2010.91992	  -7.80	   8.30	2010.00	337.00
2010.92266	   3.40	   8.30	2010.00	338.00
2010.92539	   5.01	   8.40	2010.00	339.00
2010.92813	   5.72	   8.30	2010.00	340.00
2010.93087	   8.73	   8.50	2010.00	341.00
2010.93361	  12.54	   8.40	2010.00	342.00
2010.93908	  -4.25	   8.30	2010.00	344.00
2011.09309	  -2.31	   8.40	2011.00	 35.00
2011.09582	  13.70	   9.00	2011.00	 36.00
2011.10130	   0.11	  11.40	2011.00	 38.00
2011.10951	  -5.06	  11.30	2011.00	 41.00
2011.11225	 -21.16	  10.90	2011.00	 42.00
2011.11499	 -41.35	   9.80	2011.00	 43.00
2011.11773	 -38.24	   9.80	2011.00	 44.00
2011.12047	 -38.83	   9.80	2011.00	 45.00
2011.12320	 -38.53	  10.70	2011.00	 46.00
2011.12594	 -32.52	  10.00	2011.00	 47.00
2011.12868	 -22.81	  10.30	2011.00	 48.00
2011.13142	 -29.40	  10.40	2011.00	 49.00
2011.13415	 -35.09	   9.60	2011.00	 50.00
2011.13689	 -32.29	   9.60	2011.00	 51.00
2011.13963	 -30.98	   9.80	2011.00	 52.00
2011.14237	 -21.67	  10.10	2011.00	 53.00
2011.14511	 -23.56	  10.80	2011.00	 54.00
2011.14784	 -13.56	  10.80	2011.00	 55.00
2011.15058	 -20.15	  10.60	2011.00	 56.00
2011.15332	 -24.14	  10.20	2011.00	 57.00
2011.15606	 -10.73	  10.60	2011.00	 58.00
2011.15880	 -20.52	  10.20	2011.00	 59.00
2011.16153	 -21.02	   9.90	2011.00	 60.00
2011.16427	 -15.31	   9.40	2011.00	 61.00
2011.16701	 -20.30	   9.30	2011.00	 62.00
2011.16975	 -21.39	   9.50	2011.00	 63.00
2011.17248	 -20.29	   9.60	2011.00	 64.00
2011.17796	   0.13	   9.00	2011.00	 66.00
2011.18070	  -1.46	   8.90	2011.00	 67.00
2011.18344	  -6.35	   9.10	2011.00	 68.00
2011.25188	  35.94	  10.60	2011.00	 93.00
2011.25462	  41.35	  10.50	2011.00	 94.00
2011.25736	  38.66	  10.70	2011.00	 95.00
2011.26010	  40.46	  11.80	2011.00	 96.00
2011.54757	 -26.22	   8.90	2011.00	201.00
2011.55031	 -25.61	   8.90	2011.00	202.00
2011.55305	 -27.50	   9.00	2011.00	203.00
2011.55578	 -25.49	   8.90	2011.00	204.00
2011.55852	 -22.29	   8.90	2011.00	205.00
2011.56126	 -24.48	   8.90	2011.00	206.00
2011.56400	 -25.97	   8.80	2011.00	207.00
2011.56674	 -22.26	   8.90	2011.00	208.00
2011.56947	 -24.56	   9.30	2011.00	209.00
2011.57221	 -22.65	   8.90	2011.00	210.00
2011.57495	 -22.94	   8.60	2011.00	211.00
2011.57769	 -23.83	   8.60	2011.00	212.00
2011.58042	 -23.62	   8.90	2011.00	213.00
2011.58316	 -23.02	   9.00	2011.00	214.00
2011.58590	 -26.01	   9.10	2011.00	215.00
2011.58864	 -21.90	   8.60	2011.00	216.00
2011.59138	 -22.39	   8.60	2011.00	217.00
2011.59411	 -21.39	   8.40	2011.00	218.00
2011.59685	 -23.88	   8.60	2011.00	219.00
2011.59959	 -21.77	   8.50	2011.00	220.00
2011.60233	 -23.86	   8.50	2011.00	221.00
2011.60507	 -26.15	   8.80	2011.00	222.00
2011.60780	 -21.05	   8.90	2011.00	223.00
2011.61054	 -21.64	   8.90	2011.00	224.00
2011.61328	 -21.43	   8.40	2011.00	225.00
2011.61602	 -20.82	   8.60	2011.00	226.00
2011.61875	 -25.51	   8.90	2011.00	227.00
2011.62149	 -19.71	   8.40	2011.00	228.00
2011.62423	 -24.80	   8.40	2011.00	229.00
2011.62697	 -20.79	   8.50	2011.00	230.00
2011.62971	 -21.58	   8.40	2011.00	231.00
2011.63244	 -19.58	   8.40	2011.00	232.00
2011.63518	 -19.57	   8.60	2011.00	233.00
2011.63792	 -18.66	   8.60	2011.00	234.00
2011.64066	 -14.75	   8.90	2011.00	235.00
2011.64339	 -19.14	   9.00	2011.00	236.00
2011.64613	 -15.44	   8.90	2011.00	237.00
2011.64887	 -19.13	   8.90	2011.00	238.00
2011.65161	 -17.82	   8.40	2011.00	239.00
2011.65435	 -16.91	   8.90	2011.00	240.00
2011.65708	 -16.61	   8.50	2011.00	241.00
2011.65982	 -18.80	   8.90	2011.00	242.00
2011.66256	 -17.59	   8.50	2011.00	243.00
2011.66530	 -17.18	   8.80	2011.00	244.00
2011.66804	 -13.87	   8.80	2011.00	245.00
2011.67077	 -15.27	   8.50	2011.00	246.00
2011.67351	 -11.16	   8.40	2011.00	247.00
2011.67625	 -13.75	   8.40	2011.00	248.00
2011.67899	 -17.74	   8.50	2011.00	249.00
2011.68172	 -21.44	   8.40	2011.00	250.00
2011.68446	 -15.93	   8.40	2011.00	251.00
2011.68720	 -18.42	   8.40	2011.00	252.00
2011.68994	 -13.31	   8.40	2011.00	253.00
2011.69268	 -15.60	   8.40	2011.00	254.00
2011.69541	 -17.10	   8.40	2011.00	255.00
2011.69815	 -19.89	   8.40	2011.00	256.00
2011.70089	 -16.08	   8.40	2011.00	257.00
2011.70363	 -14.57	   8.40	2011.00	258.00
2011.70637	 -11.97	   8.40	2011.00	259.00
2011.70910	 -13.76	   8.80	2011.00	260.00
2011.71184	 -15.05	   9.00	2011.00	261.00
2011.71458	 -16.74	   8.90	2011.00	262.00
2011.71732	 -13.63	   8.40	2011.00	263.00
2011.72005	 -13.13	   8.40	2011.00	264.00
2011.72279	  -4.02	   8.50	2011.00	265.00
2011.72553	 -14.81	   8.40	2011.00	266.00
2011.72827	 -14.50	   8.40	2011.00	267.00
2011.73101	  -7.00	   8.90	2011.00	268.00
2011.73374	 -12.89	   8.40	2011.00	269.00
2011.73648	 -11.68	   8.90	2011.00	270.00
2011.73922	 -10.27	   8.40	2011.00	271.00
2011.74196	 -17.16	   8.40	2011.00	272.00
2011.74470	 -18.76	   8.90	2011.00	273.00
2011.74743	 -14.15	   8.90	2011.00	274.00
2011.75017	  -9.74	   8.60	2011.00	275.00
2011.75291	 -12.13	   8.60	2011.00	276.00
2011.75565	 -11.23	   8.40	2011.00	277.00
2011.75838	  -6.62	   8.80	2011.00	278.00
2011.76112	 -15.91	   8.40	2011.00	279.00
2011.76386	  -5.30	   8.90	2011.00	280.00
2011.76660	 -18.19	   8.80	2011.00	281.00
2011.76934	 -12.59	   8.90	2011.00	282.00
2011.77207	  -4.98	   8.90	2011.00	283.00
2011.77481	  -8.37	   8.90	2011.00	284.00
2011.77755	  -1.56	   8.90	2011.00	285.00
2011.78029	  -9.86	   8.40	2011.00	286.00
2011.78303	 -10.45	   8.90	2011.00	287.00
2011.78576	 -13.84	   8.80	2011.00	288.00
2011.78850	 -15.23	   8.50	2011.00	289.00
2011.79124	 -16.92	   8.40	2011.00	290.00
2011.79398	 -18.32	   8.40	2011.00	291.00
2011.79671	 -14.61	   8.40	2011.00	292.00
2011.79945	 -14.30	   8.40	2011.00	293.00
2011.80219	 -15.99	   8.40	2011.00	294.00
2011.80493	 -15.99	   8.40	2011.00	295.00
2011.80767	 -11.58	   8.40	2011.00	296.00
2011.81040	 -15.67	   8.00	2011.00	297.00
2011.81314	 -16.16	   8.40	2011.00	298.00
2011.81588	 -13.85	   8.40	2011.00	299.00
2011.81862	 -11.65	   8.40	2011.00	300.00
2011.82136	 -13.84	   8.40	2011.00	301.00
2011.82409	 -12.03	   8.40	2011.00	302.00
2011.82683	 -12.52	   8.40	2011.00	303.00
2011.82957	  -3.42	   8.60	2011.00	304.00
2011.83231	 -11.51	   8.40	2011.00	305.00
2011.83504	 -16.10	   8.30	2011.00	306.00
2011.84052	 -11.68	   8.40	2011.00	308.00
2011.84326	  -9.78	   8.40	2011.00	309.00
2011.84600	 -14.77	   8.40	2011.00	310.00
2011.84873	 -10.66	   8.20	2011.00	311.00
2011.85147	 -10.55	   8.40	2011.00	312.00
2011.85421	 -10.74	   8.40	2011.00	313.00
2011.86242	  -2.32	   8.40	2011.00	316.00
2011.86516	   6.89	   8.40	2011.00	317.00
2011.86790	  17.99	   8.40	2011.00	318.00
2011.87064	  18.60	   8.40	2011.00	319.00
2011.87337	   8.41	   8.50	2011.00	320.00
2011.87885	  -0.17	   8.40	2011.00	322.00
2011.88159	   5.73	   8.40	2011.00	323.00
2011.88433	   7.54	   8.40	2011.00	324.00
2011.88706	   3.95	   8.40	2011.00	325.00
2012.00274	  20.78	   9.00	2012.00	  2.00
2012.00548	  36.39	   9.30	2012.00	  3.00
2012.00821	  28.69	   9.40	2012.00	  4.00
2012.01369	  40.01	   9.30	2012.00	  6.00
2012.01643	  34.92	   8.90	2012.00	  7.00
2012.02464	  26.14	   9.40	2012.00	 10.00
2012.02738	  15.65	   9.60	2012.00	 11.00
2012.03012	   3.66	   8.90	2012.00	 12.00
2012.03285	 -11.84	   8.90	2012.00	 13.00
2012.03559	 -10.73	   8.90	2012.00	 14.00
2012.03833	   5.38	   8.40	2012.00	 15.00
2012.04107	   5.49	   8.40	2012.00	 16.00
2012.04381	   5.09	   8.40	2012.00	 17.00
2012.04654	   6.30	   8.40	2012.00	 18.00
2012.04928	  22.31	   8.80	2012.00	 19.00
2012.05202	  32.12	   8.70	2012.00	 20.00
2012.09035	   9.53	   9.30	2012.00	 34.00
2012.09309	 -18.47	   8.40	2012.00	 35.00
2012.09582	 -20.86	   8.60	2012.00	 36.00
2012.09856	 -23.35	   8.40	2012.00	 37.00
2012.10130	 -20.24	   8.40	2012.00	 38.00
2012.10404	 -19.33	   8.50	2012.00	 39.00
2012.10678	 -16.63	   8.50	2012.00	 40.00
2012.10951	 -17.32	   8.50	2012.00	 41.00
2012.11225	   5.69	   9.60	2012.00	 42.00
2012.11499	  -4.00	   9.10	2012.00	 43.00
2012.11773	 -17.99	   8.90	2012.00	 44.00
2012.12047	 -10.19	   8.70	2012.00	 45.00
2012.12320	 -19.58	   8.70	2012.00	 46.00
2012.12594	 -21.77	   8.50	2012.00	 47.00
2012.12868	 -14.66	   8.50	2012.00	 48.00
2012.13142	  -5.76	   8.90	2012.00	 49.00
2012.13415	   5.35	   8.70	2012.00	 50.00
2012.13689	  10.36	   8.80	2012.00	 51.00
2012.13963	  25.97	   9.40	2012.00	 52.00
2012.14237	  13.98	   9.40	2012.00	 53.00
2012.14511	  14.68	   8.90	2012.00	 54.00
2012.27926	  -4.84	  10.20	2012.00	103.00
2012.28200	   1.57	   9.70	2012.00	104.00
2012.28474	 -11.02	   9.50	2012.00	105.00
2012.28747	 -25.61	   9.20	2012.00	106.00
2012.29021	 -25.20	   9.10	2012.00	107.00
2012.29295	 -24.60	   9.70	2012.00	108.00
2012.29569	 -16.69	   9.60	2012.00	109.00
2012.29843	 -28.78	   9.60	2012.00	110.00
2012.30116	 -30.37	   9.30	2012.00	111.00
2012.30390	 -30.57	   9.10	2012.00	112.00
2012.30664	 -31.86	   8.50	2012.00	113.00
2012.30938	 -28.85	   8.50	2012.00	114.00
2012.31211	 -25.74	   8.80	2012.00	115.00
2012.31485	 -19.53	   8.80	2012.00	116.00
2012.32033	 -19.42	   8.40	2012.00	118.00
2012.32307	 -26.71	   8.40	2012.00	119.00
2012.32580	 -27.20	   8.50	2012.00	120.00
2012.32854	 -18.29	   8.40	2012.00	121.00
2012.33128	  -6.09	   8.60	2012.00	122.00
2012.33402	  -3.98	   8.50	2012.00	123.00
2012.33676	  -8.67	   8.40	2012.00	124.00
2012.33949	  -7.76	   8.50	2012.00	125.00
2012.34223	  -6.06	   8.80	2012.00	126.00
2012.34497	 -12.45	   8.80	2012.00	127.00
2012.34771	 -32.14	   8.50	2012.00	128.00
2012.35044	 -26.83	   8.50	2012.00	129.00
2012.35318	 -29.92	   8.50	2012.00	130.00
2012.35592	 -34.52	   8.50	2012.00	131.00
2012.35866	 -31.61	   8.50	2012.00	132.00
2012.36140	 -29.50	   8.40	2012.00	133.00
2012.36413	 -28.99	   8.50	2012.00	134.00
2012.36687	 -29.79	   8.50	2012.00	135.00
2012.36961	 -22.08	   8.40	2012.00	136.00
2012.37235	 -24.27	   8.50	2012.00	137.00
2012.37509	 -30.26	   8.50	2012.00	138.00
2012.38056	 -25.35	   8.50	2012.00	140.00
2012.38330	 -30.24	   8.60	2012.00	141.00
2012.38604	 -23.13	   8.80	2012.00	142.00
2012.38877	 -24.82	   8.50	2012.00	143.00
2012.39151	 -17.02	   8.50	2012.00	144.00
2012.39425	 -12.51	   8.60	2012.00	145.00
2012.40794	 -24.67	   8.40	2012.00	150.00
2012.41068	 -28.06	   8.50	2012.00	151.00
2012.41342	 -29.65	   8.40	2012.00	152.00
2012.41615	 -20.95	   8.50	2012.00	153.00
2012.41889	 -21.74	   8.80	2012.00	154.00
2012.42163	 -25.43	   8.50	2012.00	155.00
2012.42437	 -27.72	   8.50	2012.00	156.00
2012.42710	 -26.41	   8.10	2012.00	157.00
2012.42984	 -18.31	   8.10	2012.00	158.00
2012.43258	 -26.30	   8.40	2012.00	159.00
2012.43532	 -26.39	   8.40	2012.00	160.00
2012.43806	 -26.58	   8.10	2012.00	161.00
2012.44079	 -17.78	   8.50	2012.00	162.00
2012.44353	 -28.67	   8.50	2012.00	163.00
2012.44627	 -22.06	   8.50	2012.00	164.00
2012.44901	 -24.15	   8.40	2012.00	165.00
2012.45175	 -21.74	   8.10	2012.00	166.00
2012.45448	 -27.34	   8.40	2012.00	167.00
2012.45722	 -22.43	   8.50	2012.00	168.00
2012.45996	 -23.62	   8.60	2012.00	169.00
2012.46270	 -16.41	   8.40	2012.00	170.00
2012.46543	 -21.61	   8.40	2012.00	171.00
2012.46817	 -26.30	   8.40	2012.00	172.00
2012.47091	 -22.39	   8.50	2012.00	173.00
2012.47365	 -20.48	   8.70	2012.00	174.00
2012.47639	 -23.87	   8.40	2012.00	175.00
2012.47912	 -20.87	   8.40	2012.00	176.00
2012.48186	 -22.26	   8.40	2012.00	177.00
2012.48460	 -22.85	   8.40	2012.00	178.00
2012.48734	 -23.64	   8.40	2012.00	179.00
2012.49008	 -19.94	   8.50	2012.00	180.00
2012.49281	 -24.23	   8.60	2012.00	181.00
2012.49555	 -29.82	   8.50	2012.00	182.00
2012.49829	 -21.71	   8.40	2012.00	183.00
2012.50103	 -19.60	   8.40	2012.00	184.00
2012.50376	 -17.60	   8.50	2012.00	185.00
2012.50650	 -21.99	   8.40	2012.00	186.00
2012.50924	 -25.48	   8.40	2012.00	187.00
2012.51198	 -23.27	   8.80	2012.00	188.00
2012.51472	 -26.37	   8.40	2012.00	189.00
2012.51745	 -21.46	   8.50	2012.00	190.00
2012.52019	 -17.25	   8.90	2012.00	191.00
2012.52293	 -27.44	   8.40	2012.00	192.00
2012.52567	 -21.33	   8.40	2012.00	193.00
2012.52841	 -22.83	   8.50	2012.00	194.00
2012.53114	 -25.72	   8.50	2012.00	195.00
2012.53388	 -17.11	   8.60	2012.00	196.00
2012.53662	 -15.20	   8.80	2012.00	197.00
2012.53936	 -21.99	   8.60	2012.00	198.00
2012.54209	 -16.79	   8.60	2012.00	199.00
2012.54483	 -21.68	   8.50	2012.00	200.00
2012.54757	 -20.17	   8.50	2012.00	201.00
2012.55031	 -18.96	   8.70	2012.00	202.00
2012.55305	 -21.46	   8.20	2012.00	203.00
2012.55578	 -14.05	   8.40	2012.00	204.00
2012.55852	 -22.94	   8.40	2012.00	205.00
2012.56126	 -21.03	   8.40	2012.00	206.00
2012.56400	 -17.42	   8.40	2012.00	207.00
2012.56674	 -18.52	   8.10	2012.00	208.00
2012.56947	 -13.71	   8.10	2012.00	209.00
2012.57221	 -17.30	   8.40	2012.00	210.00
2012.57495	 -18.19	   8.20	2012.00	211.00
2012.57769	 -15.79	   8.10	2012.00	212.00
2012.58042	 -19.08	   8.10	2012.00	213.00
2012.58316	 -21.37	   8.00	2012.00	214.00
2012.58590	 -11.76	   8.30	2012.00	215.00
2012.58864	 -17.95	   8.10	2012.00	216.00
2012.59138	 -16.15	   8.00	2012.00	217.00
2012.59411	 -16.24	   8.00	2012.00	218.00
2012.59685	 -14.43	   8.40	2012.00	219.00
2012.59959	 -13.52	   8.40	2012.00	220.00
2012.60233	 -12.42	   8.40	2012.00	221.00
2012.60507	 -12.71	   8.30	2012.00	222.00
2012.60780	 -14.00	   7.90	2012.00	223.00
2012.61054	 -11.99	   8.10	2012.00	224.00
2012.61328	 -13.58	   8.10	2012.00	225.00
2012.61602	 -10.08	   8.30	2012.00	226.00
2012.61875	 -13.87	   8.10	2012.00	227.00
2012.62149	 -11.86	   8.00	2012.00	228.00
2012.62423	 -12.95	   8.30	2012.00	229.00
2012.62697	  -2.35	   8.40	2012.00	230.00
2012.63244	 -14.93	   8.40	2012.00	232.00
2012.63518	  -7.52	   8.00	2012.00	233.00
2012.63792	 -10.21	   8.00	2012.00	234.00
2012.64066	 -12.41	   7.90	2012.00	235.00
2012.64339	  -9.20	   8.00	2012.00	236.00
2012.64613	  -7.99	   8.00	2012.00	237.00
2012.64887	  -8.88	   8.00	2012.00	238.00
2012.65161	  -6.98	   7.90	2012.00	239.00
2012.65435	  -3.27	   8.00	2012.00	240.00
2012.65708	  -4.96	   8.40	2012.00	241.00
2012.65982	 -11.75	   8.40	2012.00	242.00
2012.66256	  -6.44	   8.00	2012.00	243.00
2012.66530	  -7.14	   7.90	2012.00	244.00
2012.66804	  -5.73	   7.90	2012.00	245.00
2012.67077	  -7.12	   8.00	2012.00	246.00
2012.67351	  -9.21	   8.10	2012.00	247.00
2012.67625	  -5.61	   8.00	2012.00	248.00
2012.67899	  -6.00	   7.90	2012.00	249.00
2012.68172	  -3.59	   7.90	2012.00	250.00
2012.68446	  -6.78	   8.00	2012.00	251.00
2012.68720	  -6.67	   8.40	2012.00	252.00
2012.68994	  -7.77	   8.40	2012.00	253.00
2012.69268	  -3.06	   8.40	2012.00	254.00
2012.69541	  -8.85	   8.30	2012.00	255.00
2012.69815	 -12.04	   8.30	2012.00	256.00
2012.70089	 -15.34	   8.40	2012.00	257.00
2012.70363	 -15.33	   8.40	2012.00	258.00
2012.70637	 -12.72	   8.20	2012.00	259.00
2012.70910	 -12.21	   8.00	2012.00	260.00
2012.71184	 -10.30	   7.90	2012.00	261.00
2012.71458	 -11.00	   8.00	2012.00	262.00
2012.71732	  -6.09	   8.00	2012.00	263.00
2012.72005	  -8.58	   8.00	2012.00	264.00
2012.72279	  -9.47	   7.90	2012.00	265.00
2012.72553	  -8.67	   7.90	2012.00	266.00
2012.72827	  -8.86	   8.30	2012.00	267.00
2012.73101	  -8.95	   8.40	2012.00	268.00
2012.73374	  -7.64	   8.40	2012.00	269.00
2012.73648	  -9.73	   8.00	2012.00	270.00
2012.73922	  -9.33	   8.30	2012.00	271.00
2012.74196	  -6.32	   8.30	2012.00	272.00
2012.74470	  -3.91	   8.30	2012.00	273.00
2012.74743	  -8.90	   8.30	2012.00	274.00
2012.75017	  -8.09	   8.10	2012.00	275.00
2012.75291	  -3.39	   8.10	2012.00	276.00
2012.75565	  -6.18	   8.00	2012.00	277.00
2012.75838	 -13.17	   8.00	2012.00	278.00
2012.76112	  -5.96	   8.00	2012.00	279.00
2012.76386	  -3.16	   7.90	2012.00	280.00
2012.76660	  -2.75	   7.90	2012.00	281.00
2012.76934	  -4.34	   7.90	2012.00	282.00
2012.77207	  -3.53	   8.00	2012.00	283.00
2012.77481	  -8.32	   7.90	2012.00	284.00
2012.77755	  -5.92	   7.90	2012.00	285.00
2012.78029	  -4.71	   8.40	2012.00	286.00
2012.78303	  -8.90	   8.20	2012.00	287.00
2012.78576	  -8.89	   8.40	2012.00	288.00
2012.78850	  -4.69	   8.40	2012.00	289.00
2012.79124	   4.42	   8.40	2012.00	290.00
2012.79398	  -8.07	   8.30	2012.00	291.00
2012.79671	 -13.46	   8.40	2012.00	292.00
2012.79945	  -4.45	   8.70	2012.00	293.00
2012.80219	   3.05	   8.40	2012.00	294.00
2012.80493	   2.46	   8.40	2012.00	295.00
2012.80767	   4.57	   8.40	2012.00	296.00
2012.81040	   6.98	   8.20	2012.00	297.00
2012.81314	  10.58	   8.20	2012.00	298.00
2012.81588	   4.09	   7.90	2012.00	299.00
2012.81862	   9.60	   8.40	2012.00	300.00
2012.82136	  11.91	   8.40	2012.00	301.00
2012.82409	  -7.68	   8.70	2012.00	302.00
2012.82683	 -11.28	   8.40	2012.00	303.00
2012.82957	 -18.37	   8.40	2012.00	304.00
2012.83231	 -15.96	   8.00	2012.00	305.00
2012.83504	 -16.05	   8.40	2012.00	306.00
2012.83778	  -8.05	   8.40	2012.00	307.00
2012.84052	 -10.84	   8.40	2012.00	308.00
2012.84326	 -15.93	   8.40	2012.00	309.00
2012.84600	 -10.22	   8.40	2012.00	310.00
2012.84873	 -16.81	   8.30	2012.00	311.00
2012.85147	  -9.11	   8.40	2012.00	312.00
2012.85421	 -17.70	   8.40	2012.00	313.00
2012.85695	 -16.29	   8.40	2012.00	314.00
2012.85969	 -13.48	   7.90	2012.00	315.00
2012.86242	  -5.18	   8.20	2012.00	316.00
2012.86516	 -12.57	   8.40	2012.00	317.00
2012.86790	 -16.26	   8.40	2012.00	318.00
2012.87064	 -12.25	   8.00	2012.00	319.00
2012.87337	 -15.54	   8.00	2012.00	320.00
2012.87611	 -13.94	   7.90	2012.00	321.00
2012.87885	  -7.23	   8.10	2012.00	322.00
2012.88159	  -2.12	   8.40	2012.00	323.00
2012.88433	   2.29	   8.40	2012.00	324.00
2012.88706	   8.89	   8.90	2012.00	325.00
2012.88980	  -6.30	   8.40	2012.00	326.00
2012.89254	  -9.79	   9.00	2012.00	327.00
2012.89528	 -10.48	   8.90	2012.00	328.00
2012.89802	  -6.77	   8.90	2012.00	329.00
2012.90075	  -0.27	   8.90	2012.00	330.00
2012.90349	  -3.16	   9.20	2012.00	331.00
2012.90623	  -4.25	   9.00	2012.00	332.00
2012.90897	 -17.84	   8.90	2012.00	333.00
2012.91170	 -11.04	   8.50	2012.00	334.00
2012.91444	 -11.13	   9.10	2012.00	335.00
2012.92266	  -8.20	   8.70	2012.00	338.00
2012.92539	  11.60	   8.80	2012.00	339.00
2013.03833	 -19.57	   9.20	2013.00	 15.00
2013.04107	 -27.17	   8.80	2013.00	 16.00
2013.04381	 -22.96	   8.40	2013.00	 17.00
2013.04654	 -27.15	   8.50	2013.00	 18.00
2013.04928	 -23.34	   8.40	2013.00	 19.00
2013.05202	 -27.14	   8.30	2013.00	 20.00
2013.05476	 -20.73	   8.40	2013.00	 21.00
2013.05749	 -23.62	   8.30	2013.00	 22.00
2013.06023	 -27.61	   8.40	2013.00	 23.00
2013.06297	 -22.30	   8.40	2013.00	 24.00
2013.06571	 -13.00	   8.40	2013.00	 25.00
2013.06845	 -19.09	   8.60	2013.00	 26.00
2013.07118	 -21.78	   8.10	2013.00	 27.00
2013.07392	  -8.37	   7.90	2013.00	 28.00
2013.07666	 -12.57	   8.30	2013.00	 29.00
2013.07940	 -11.86	   8.40	2013.00	 30.00
2013.08487	   1.66	   8.80	2013.00	 32.00
2013.08761	 -14.63	   8.90	2013.00	 33.00
2013.09035	 -24.33	   8.50	2013.00	 34.00
2013.09309	 -20.92	   8.50	2013.00	 35.00
2013.09582	 -26.01	   8.90	2013.00	 36.00
2013.09856	 -18.30	   8.90	2013.00	 37.00
2013.10130	 -11.00	   8.40	2013.00	 38.00
2013.10404	 -13.69	   8.40	2013.00	 39.00
2013.10678	 -20.08	   8.40	2013.00	 40.00
2013.10951	 -19.17	   8.80	2013.00	 41.00
2013.11225	 -24.46	   8.30	2013.00	 42.00
2013.11499	 -21.16	   8.90	2013.00	 43.00
2013.11773	 -13.75	   8.90	2013.00	 44.00
2013.12047	  -7.74	   8.50	2013.00	 45.00
2013.12320	 -32.03	   8.30	2013.00	 46.00
2013.12594	 -27.43	   8.40	2013.00	 47.00
2013.12868	 -23.52	   8.30	2013.00	 48.00
2013.13142	 -26.11	   8.40	2013.00	 49.00
2013.13415	 -20.30	   8.00	2013.00	 50.00
2013.13689	 -21.99	   8.30	2013.00	 51.00
2013.13963	 -15.29	   8.30	2013.00	 52.00
2013.14237	  -7.68	   8.60	2013.00	 53.00
2013.14511	  -7.07	   8.40	2013.00	 54.00
2013.14784	  -9.26	   8.40	2013.00	 55.00
2013.15058	  -5.06	   8.80	2013.00	 56.00
2013.15332	  -6.55	   8.40	2013.00	 57.00
2013.15606	 -10.84	   8.50	2013.00	 58.00
2013.15880	 -10.43	   8.50	2013.00	 59.00
2013.16153	 -19.92	   8.90	2013.00	 60.00
2013.16427	 -24.22	   8.60	2013.00	 61.00
2013.16701	 -14.71	   8.50	2013.00	 62.00
2013.16975	 -20.10	   8.30	2013.00	 63.00
2013.17248	 -23.19	   8.80	2013.00	 64.00
2013.17522	 -21.19	   8.50	2013.00	 65.00
2013.17796	 -21.18	   8.40	2013.00	 66.00
2013.18070	 -23.67	   8.30	2013.00	 67.00
2013.18344	 -21.86	   8.30	2013.00	 68.00
2013.18617	 -19.05	   8.30	2013.00	 69.00
2013.18891	 -22.05	   8.40	2013.00	 70.00
2013.19439	  11.37	   8.50	2013.00	 72.00
2013.19713	 -22.72	   8.40	2013.00	 73.00
2013.19986	 -17.12	   8.80	2013.00	 74.00
2013.20260	 -16.51	   8.40	2013.00	 75.00
2013.20534	 -15.00	   8.50	2013.00	 76.00
2013.20808	  -5.79	   8.40	2013.00	 77.00
2013.21081	 -19.18	   8.30	2013.00	 78.00
2013.21355	 -22.38	   9.00	2013.00	 79.00
2013.21629	  -6.07	   8.70	2013.00	 80.00
2013.21903	  -1.26	   8.70	2013.00	 81.00
2013.22177	  -6.45	   8.40	2013.00	 82.00
2013.22450	  -2.05	   8.50	2013.00	 83.00
2013.22724	  -1.34	   8.40	2013.00	 84.00
2013.22998	 -15.33	   8.40	2013.00	 85.00
2013.23272	 -21.62	   8.40	2013.00	 86.00
2013.23546	 -13.91	   8.90	2013.00	 87.00
2013.24641	 -21.88	   8.40	2013.00	 91.00
2013.24914	 -18.47	   8.40	2013.00	 92.00
2013.25188	 -16.57	   8.50	2013.00	 93.00
2013.25462	 -19.96	   8.80	2013.00	 94.00
2013.25736	  -8.95	   8.80	2013.00	 95.00
2013.26010	 -15.64	   8.50	2013.00	 96.00
2013.27105	 -10.71	   8.90	2013.00	100.00
2013.27379	 -13.10	   8.50	2013.00	101.00
2013.27652	 -23.00	   8.80	2013.00	102.00
2013.28200	 -18.28	   8.60	2013.00	104.00
2013.28474	 -23.07	   8.40	2013.00	105.00
2013.28747	 -29.97	   8.50	2013.00	106.00
2013.29021	 -31.56	   8.40	2013.00	107.00
2013.29295	 -28.25	   8.60	2013.00	108.00
2013.29569	 -14.74	   8.90	2013.00	109.00
2013.29843	  -4.03	   8.90	2013.00	110.00
2013.30116	   1.57	   8.50	2013.00	111.00
2013.30390	   0.28	   8.60	2013.00	112.00
2013.30664	 -19.81	   8.60	2013.00	113.00
2013.30938	 -27.50	   8.60	2013.00	114.00
2013.31211	 -25.10	   8.60	2013.00	115.00
2013.31485	 -28.69	   8.60	2013.00	116.00
2013.31759	 -32.88	   8.50	2013.00	117.00
2013.32033	 -21.67	   8.60	2013.00	118.00
2013.32307	 -12.46	   9.00	2013.00	119.00
2013.32580	  -8.36	   8.70	2013.00	120.00
2013.32854	 -17.95	   8.60	2013.00	121.00
2013.33128	 -34.04	   8.60	2013.00	122.00
2013.33402	 -29.03	   8.90	2013.00	123.00
2013.33676	 -27.73	   8.60	2013.00	124.00
2013.33949	 -24.12	   8.60	2013.00	125.00
2013.34223	 -27.41	   8.60	2013.00	126.00
2013.34497	 -29.50	   8.60	2013.00	127.00
2013.34771	 -26.09	   8.60	2013.00	128.00
2013.35044	 -23.09	   8.50	2013.00	129.00
2013.35318	 -25.98	   8.50	2013.00	130.00
2013.35592	 -22.17	   8.40	2013.00	131.00
2013.35866	 -29.06	   8.50	2013.00	132.00
2013.36140	 -21.96	   9.00	2013.00	133.00
2013.36413	 -22.75	   8.40	2013.00	134.00
2013.36687	 -23.54	   8.50	2013.00	135.00
2013.36961	 -21.33	   8.40	2013.00	136.00
2013.37235	 -30.42	   8.40	2013.00	137.00
2013.37509	 -26.92	   8.50	2013.00	138.00
2013.37782	 -25.71	   8.40	2013.00	139.00
2013.38056	 -27.50	   8.40	2013.00	140.00
2013.38330	 -22.19	   8.60	2013.00	141.00
2013.38604	 -29.29	   8.40	2013.00	142.00
2013.38877	 -29.18	   8.40	2013.00	143.00
2013.39151	 -27.57	   8.50	2013.00	144.00
2013.39425	 -23.06	   9.40	2013.00	145.00
2013.50650	 -21.14	  18.00	2013.00	186.00
2013.50924	 -17.83	   8.50	2013.00	187.00
2013.51198	 -17.83	   8.50	2013.00	188.00
2013.51472	 -18.82	   8.40	2013.00	189.00
2013.51745	 -14.51	   8.50	2013.00	190.00
2013.52019	 -17.70	   8.40	2013.00	191.00
2013.52293	 -16.70	   8.80	2013.00	192.00
2013.52567	 -15.99	   8.40	2013.00	193.00
2013.52841	 -21.18	   8.40	2013.00	194.00
2013.53114	 -19.47	   8.40	2013.00	195.00
2013.53388	 -13.36	   8.50	2013.00	196.00
2013.53662	 -18.46	   9.00	2013.00	197.00
2013.53936	 -17.55	   8.90	2013.00	198.00
2013.54209	 -14.14	   8.40	2013.00	199.00
2013.54483	 -15.03	   8.40	2013.00	200.00
2013.54757	 -14.93	   8.40	2013.00	201.00
2013.55031	 -17.32	   8.40	2013.00	202.00
2013.55305	 -17.61	   8.70	2013.00	203.00
2013.55578	 -14.70	   8.40	2013.00	204.00
2013.55852	 -15.29	   8.40	2013.00	205.00
2013.56126	 -16.29	   8.40	2013.00	206.00
2013.56400	 -14.78	   8.50	2013.00	207.00
2013.56674	 -13.77	   8.50	2013.00	208.00
2013.56947	 -16.76	   8.50	2013.00	209.00
2013.57221	 -11.76	   8.40	2013.00	210.00
2013.57495	 -10.55	   8.50	2013.00	211.00
2013.57769	 -18.64	   8.40	2013.00	212.00
2013.58316	 -10.82	   8.50	2013.00	214.00
2013.58590	 -14.92	   8.70	2013.00	215.00
2013.59138	 -19.00	   8.50	2013.00	217.00
2013.59411	 -12.19	   8.50	2013.00	218.00
2013.59685	 -11.79	   8.50	2013.00	219.00
2013.59959	  -8.78	   8.50	2013.00	220.00
2013.60233	 -12.97	   8.40	2013.00	221.00
2013.60507	  -7.16	   8.90	2013.00	222.00
2013.60780	 -13.65	   8.40	2013.00	223.00
2013.61054	  -6.45	   8.40	2013.00	224.00
2013.61328	  -9.04	   8.40	2013.00	225.00
2013.61602	  -9.63	   8.70	2013.00	226.00
2013.61875	  -7.02	   8.40	2013.00	227.00
2013.62149	 -12.62	   8.50	2013.00	228.00
2013.62423	 -10.71	   8.50	2013.00	229.00
2013.62697	 -13.20	   8.40	2013.00	230.00
2013.62971	 -15.89	   8.40	2013.00	231.00
2013.63244	 -13.28	   8.40	2013.00	232.00
2013.63518	  -5.88	   8.40	2013.00	233.00
2013.63792	 -12.17	   8.40	2013.00	234.00
2013.64066	  -5.36	   8.40	2013.00	235.00
2013.64339	  -9.85	   8.40	2013.00	236.00
2013.64613	 -10.35	   8.40	2013.00	237.00
2013.64887	  -8.84	   8.40	2013.00	238.00
2013.65161	  -8.73	   8.40	2013.00	239.00
2013.65435	 -10.72	   8.40	2013.00	240.00
2013.65708	 -12.01	   8.90	2013.00	241.00
2013.65982	  -4.91	   8.90	2013.00	242.00
2013.66256	  -8.70	   8.40	2013.00	243.00
2013.66530	  -8.69	   8.40	2013.00	244.00
2013.66804	  -8.98	   8.40	2013.00	245.00
2013.67077	  -5.97	   8.90	2013.00	246.00
2013.67351	  -1.97	   8.90	2013.00	247.00
2013.67625	  -4.66	   8.50	2013.00	248.00
2013.67899	  -6.95	   8.40	2013.00	249.00
2013.68172	 -10.54	   8.40	2013.00	250.00
2013.68446	  -7.64	   8.50	2013.00	251.00
2013.68720	  -5.73	   8.50	2013.00	252.00
2013.68994	 -10.32	   8.40	2013.00	253.00
2013.69268	 -12.51	   8.40	2013.00	254.00
2013.69541	  -6.40	   8.40	2013.00	255.00
2013.69815	  -4.20	   8.50	2013.00	256.00
2013.70089	  -4.89	   8.50	2013.00	257.00
2013.70363	   0.72	   8.40	2013.00	258.00
2013.70637	  -9.77	   8.40	2013.00	259.00
2013.70910	 -11.57	   8.50	2013.00	260.00
2013.71732	  -2.84	   8.50	2013.00	263.00
2013.72005	  -2.03	   8.40	2013.00	264.00
2013.72279	   1.47	   8.40	2013.00	265.00
2013.72553	  -6.62	   8.40	2013.00	266.00
2013.72827	  -7.41	   8.40	2013.00	267.00
2013.73101	 -12.70	   8.40	2013.00	268.00
2013.73374	  -6.40	   8.40	2013.00	269.00
2013.73648	 -10.59	   8.40	2013.00	270.00
2013.73922	  -7.08	   8.40	2013.00	271.00
2013.74196	  -8.07	   8.40	2013.00	272.00
2013.74470	  -4.96	   8.90	2013.00	273.00
2013.74743	  -1.86	   8.50	2013.00	274.00
2013.75017	  -4.45	   8.40	2013.00	275.00
2013.75291	  -8.44	   8.40	2013.00	276.00
2013.75565	 -22.33	   8.40	2013.00	277.00
2013.75838	 -19.13	   8.40	2013.00	278.00
2013.76112	 -11.82	   8.40	2013.00	279.00
2013.76386	  -7.21	   8.50	2013.00	280.00
2013.76660	  -0.80	   8.40	2013.00	281.00
2013.76934	   3.81	   8.60	2013.00	282.00
2013.77207	  -4.69	   8.40	2013.00	283.00
2013.77481	 -13.98	   8.40	2013.00	284.00
2013.77755	 -17.67	  11.40	2013.00	285.00
2013.78029	 -14.76	   9.30	2013.00	286.00
2013.78303	 -14.06	  14.20	2013.00	287.00
2013.78576	 -19.25	  16.10	2013.00	288.00
2013.78850	 -13.14	   8.40	2013.00	289.00
2013.79124	 -12.53	  13.50	2013.00	290.00
2013.79398	 -14.22	   8.40	2013.00	291.00
2013.79671	  -7.32	  19.80	2013.00	292.00
2013.79945	 -13.51	   8.40	2013.00	293.00
2013.80219	 -13.20	   9.40	2013.00	294.00
2013.80493	 -13.89	   8.40	2013.00	295.00
2013.80767	 -12.79	   8.40	2013.00	296.00
2013.81040	  -7.68	   8.40	2013.00	297.00
2013.81314	  -8.47	   8.40	2013.00	298.00
2013.81588	 -15.26	   8.40	2013.00	299.00
2013.81862	  -8.55	   8.50	2013.00	300.00
2013.82136	   1.05	   8.40	2013.00	301.00
2013.82409	  -3.34	   8.50	2013.00	302.00
2013.82683	  -7.33	  23.90	2013.00	303.00
2013.82957	  -3.02	   8.70	2013.00	304.00
2013.83231	 -10.12	   8.70	2013.00	305.00
2013.83504	 -10.11	   8.60	2013.00	306.00
2013.83778	   1.40	   8.40	2013.00	307.00
2013.84052	  -2.29	   8.40	2013.00	308.00
2013.84326	   2.02	   8.90	2013.00	309.00
2013.84600	  -4.78	   8.40	2013.00	310.00
2013.84873	  -7.37	   8.40	2013.00	311.00
2013.85147	   0.24	   8.40	2013.00	312.00
2013.85421	  -3.65	   8.40	2013.00	313.00
2013.85695	  -7.85	   8.90	2013.00	314.00
2013.85969	 -10.34	   8.40	2013.00	315.00
2013.86242	 -20.43	   8.40	2013.00	316.00
2013.86516	  -7.52	   8.40	2013.00	317.00
2013.86790	 -15.01	   8.40	2013.00	318.00
2013.87064	  -7.31	   8.40	2013.00	319.00
2013.87337	  -0.30	   8.40	2013.00	320.00
2013.87611	  -1.99	   8.40	2013.00	321.00
2013.87885	  12.42	   8.80	2013.00	322.00
2013.88159	  15.93	   9.30	2013.00	323.00
2013.88433	  17.73	   8.50	2013.00	324.00
2013.88706	  15.94	   8.40	2013.00	325.00
2013.88980	   0.35	   8.50	2013.00	326.00
2013.89254	  -8.74	   8.40	2013.00	327.00
2013.89528	 -11.54	   8.40	2013.00	328.00
2013.89802	 -12.33	   8.40	2013.00	329.00
2013.90075	 -13.92	   8.40	2013.00	330.00
2013.90349	 -15.41	   8.40	2013.00	331.00
2013.90623	 -14.40	   8.50	2013.00	332.00
2013.90897	 -12.10	   8.40	2013.00	333.00
2013.91170	 -11.39	   8.40	2013.00	334.00
2013.91444	   8.22	   8.40	2013.00	335.00
2013.91718	  27.63	   8.90	2013.00	336.00
2013.92266	  19.44	   8.60	2013.00	338.00
2013.92539	  15.75	   8.90	2013.00	339.00
2013.92813	  22.86	   8.80	2013.00	340.00
2013.93087	  21.17	   8.50	2013.00	341.00
2013.93361	  23.27	   8.60	2013.00	342.00
2013.93634	  20.98	   8.80	2013.00	343.00
2013.93908	  23.89	   8.70	2013.00	344.00
2013.94182	  26.90	   8.90	2013.00	345.00
2013.95277	   8.23	   8.40	2013.00	349.00
2013.95551	 -11.66	   8.40	2013.00	350.00
2013.95825	 -13.96	   8.30	2013.00	351.00
2013.96099	  -4.65	   8.40	2013.00	352.00
2013.96372	  -8.44	   8.40	2013.00	353.00
2013.96646	  -5.93	   8.60	2013.00	354.00
2013.96920	  29.57	   9.40	2013.00	355.00
2013.97741	  18.50	   9.30	2013.00	358.00
2013.98015	 -16.69	   8.50	2013.00	359.00
2013.98289	 -19.89	   8.40	2013.00	360.00
2013.98563	 -17.88	   8.40	2013.00	361.00
2013.98836	 -14.17	   8.40	2013.00	362.00
2013.99110	 -14.56	   8.30	2013.00	363.00
2013.99384	 -13.36	   8.50	2013.00	364.00
2013.99658	 -12.45	   8.40	2013.00	365.00
2014.00000	 -17.24	   8.40	2014.00	  1.00
2014.00274	 -16.13	   8.50	2014.00	  2.00
2014.00548	  -2.32	   8.40	2014.00	  3.00
2014.00821	  -9.11	   8.20	2014.00	  4.00
2014.01095	 -15.61	   8.40	2014.00	  5.00
2014.01369	 -16.40	   8.40	2014.00	  6.00
2014.01643	 -10.79	   8.70	2014.00	  7.00
2014.01916	  -9.48	   8.40	2014.00	  8.00
2014.02190	  -3.88	   8.70	2014.00	  9.00
2014.02464	   6.53	   8.70	2014.00	 10.00
2014.02738	   6.94	   8.70	2014.00	 11.00
2014.03012	  14.65	   8.90	2014.00	 12.00
2014.03285	  20.16	   9.00	2014.00	 13.00
2014.03559	  17.36	   9.10	2014.00	 14.00
2014.03833	   5.97	  16.60	2014.00	 15.00
2014.04107	 -11.32	   8.90	2014.00	 16.00
2014.04381	 -11.11	   8.90	2014.00	 17.00
2014.04654	 -11.41	   8.40	2014.00	 18.00
2014.04928	 -13.80	   8.40	2014.00	 19.00
2014.05202	 -18.99	   8.40	2014.00	 20.00
2014.05476	 -17.88	   8.40	2014.00	 21.00
2014.05749	 -11.57	   8.90	2014.00	 22.00
2014.06023	 -14.57	   8.40	2014.00	 23.00
2014.06297	 -19.36	   8.70	2014.00	 24.00
2014.06571	 -19.65	   8.60	2014.00	 25.00
2014.06845	 -17.74	   8.40	2014.00	 26.00
2014.07118	 -16.44	   8.30	2014.00	 27.00
2014.07392	 -11.43	   8.40	2014.00	 28.00
2014.07666	  -3.02	   8.60	2014.00	 29.00
2014.07940	  -3.31	   8.50	2014.00	 30.00
2014.08214	  -3.50	  12.70	2014.00	 31.00
2014.08487	   1.30	   8.40	2014.00	 32.00
2014.08761	  -2.79	   8.70	2014.00	 33.00
2014.09582	  -4.17	   8.40	2014.00	 36.00
2014.09856	  -2.26	   8.40	2014.00	 37.00
2014.10130	  -3.65	   8.40	2014.00	 38.00
2014.10404	  -0.54	   8.40	2014.00	 39.00
2014.10678	   3.77	   8.50	2014.00	 40.00
2014.10951	  -1.03	   8.90	2014.00	 41.00
2014.11225	  10.98	   8.80	2014.00	 42.00
2014.11499	  25.89	   8.90	2014.00	 43.00
2014.15606	   0.21	  10.30	2014.00	 58.00
2014.15880	  -7.19	  10.10	2014.00	 59.00
2014.16153	  -3.48	   9.10	2014.00	 60.00
2014.16427	 -10.27	   9.10	2014.00	 61.00
2014.16701	   4.14	   9.80	2014.00	 62.00
2014.16975	  12.65	  10.30	2014.00	 63.00
2014.17248	  19.15	  10.10	2014.00	 64.00
2014.18070	  19.48	   9.40	2014.00	 67.00
2014.18891	  17.80	   9.20	2014.00	 70.00
2014.19165	  -3.49	   9.60	2014.00	 71.00
2014.19439	  -9.98	   8.90	2014.00	 72.00
2014.19713	 -11.08	   9.40	2014.00	 73.00
2014.19986	 -19.77	   8.90	2014.00	 74.00
2014.20260	 -22.86	   8.90	2014.00	 75.00
2014.20534	 -17.05	   9.10	2014.00	 76.00
2014.20808	 -12.35	   9.10	2014.00	 77.00
2014.21081	 -10.14	   9.40	2014.00	 78.00
2014.21355	 -16.03	   9.10	2014.00	 79.00
2014.21629	 -13.92	   9.10	2014.00	 80.00
2014.21903	 -23.01	   9.10	2014.00	 81.00
2014.22177	 -28.61	   9.10	2014.00	 82.00
2014.22450	 -22.50	   9.10	2014.00	 83.00
2014.22724	 -17.19	   8.90	2014.00	 84.00
2014.22998	 -17.88	   8.90	2014.00	 85.00
2014.23272	 -17.38	   8.50	2014.00	 86.00
2014.23546	 -19.37	   8.70	2014.00	 87.00
2014.23819	 -13.56	   9.40	2014.00	 88.00
2014.24093	 -25.25	   8.90	2014.00	 89.00
2014.24367	 -22.24	   8.70	2014.00	 90.00
2014.24641	  -8.44	   8.90	2014.00	 91.00
2014.24914	 -27.93	   8.40	2014.00	 92.00
2014.25188	 -26.42	   8.50	2014.00	 93.00
2014.25462	 -31.21	   8.90	2014.00	 94.00
2014.26010	 -11.00	   9.70	2014.00	 96.00
2014.26283	   6.91	   9.00	2014.00	 97.00
2014.26557	 -27.28	   8.50	2014.00	 98.00
2014.26831	 -17.77	   8.90	2014.00	 99.00
2014.27105	 -25.87	   8.90	2014.00	100.00
2014.27379	 -33.46	   8.90	2014.00	101.00
2014.27652	 -24.05	   8.40	2014.00	102.00
2014.27926	 -23.04	   8.40	2014.00	103.00
2014.28200	 -22.54	   8.70	2014.00	104.00
2014.28474	 -19.33	   8.90	2014.00	105.00
2014.28747	 -19.22	   8.90	2014.00	106.00
2014.29021	 -19.71	   8.50	2014.00	107.00
2014.29295	  -0.20	   8.90	2014.00	108.00
2014.29569	 -12.40	   8.70	2014.00	109.00
2014.29843	 -14.09	   8.50	2014.00	110.00
2014.30116	 -20.98	   8.50	2014.00	111.00
2014.30390	 -23.77	   8.60	2014.00	112.00
2014.30664	 -22.47	   8.60	2014.00	113.00
2014.30938	 -26.96	   9.00	2014.00	114.00
2014.31211	 -25.75	   8.50	2014.00	115.00
2014.31485	 -26.04	   8.40	2014.00	116.00
2014.31759	 -23.53	   8.50	2014.00	117.00
2014.32033	 -15.43	   8.90	2014.00	118.00
2014.32307	 -31.12	   9.10	2014.00	119.00
2014.32580	 -26.61	   8.90	2014.00	120.00
2014.32854	 -30.60	   8.60	2014.00	121.00
2014.33128	 -19.50	   8.60	2014.00	122.00
2014.33402	 -24.89	   8.60	2014.00	123.00
2014.33676	 -25.88	   8.90	2014.00	124.00
2014.33949	 -13.57	   8.60	2014.00	125.00
2014.34223	 -23.76	   8.50	2014.00	126.00
2014.34497	 -24.16	   8.60	2014.00	127.00
2014.34771	 -17.65	   8.70	2014.00	128.00
2014.35592	 -34.43	   8.50	2014.00	131.00
2014.35866	 -27.02	   8.60	2014.00	132.00
2014.36140	 -29.81	   8.90	2014.00	133.00
2014.36413	 -21.90	  32.70	2014.00	134.00
2014.36687	 -21.79	   8.90	2014.00	135.00
2014.36961	 -27.39	   9.10	2014.00	136.00
2014.37235	 -23.18	   8.60	2014.00	137.00
2014.37509	 -22.97	   8.50	2014.00	138.00
2014.37782	 -20.96	   8.50	2014.00	139.00
2014.38056	 -28.55	   8.80	2014.00	140.00
2014.38330	 -23.35	   8.50	2014.00	141.00
2014.38604	 -25.34	   8.50	2014.00	142.00
2014.38877	 -20.73	   8.90	2014.00	143.00
2014.39151	 -24.12	   8.50	2014.00	144.00
2014.39425	 -26.72	   8.50	2014.00	145.00
2014.39699	 -26.41	   8.90	2014.00	146.00
2014.39973	 -28.20	   8.50	2014.00	147.00
2014.40246	 -26.99	  10.80	2014.00	148.00
2014.40794	 -30.88	  27.30	2014.00	150.00
2014.41068	 -25.77	   8.40	2014.00	151.00
2014.41342	 -25.26	   8.40	2014.00	152.00
2014.41615	 -23.95	   8.40	2014.00	153.00
2014.41889	 -28.35	   8.20	2014.00	154.00
2014.42163	 -26.94	   8.70	2014.00	155.00
2014.42437	 -27.43	   8.50	2014.00	156.00
2014.42710	 -30.22	   8.50	2014.00	157.00
2014.42984	 -28.61	   8.40	2014.00	158.00
2014.43258	 -20.21	  39.00	2014.00	159.00
2014.43532	 -20.20	   8.70	2014.00	160.00
2014.43806	 -26.49	   8.70	2014.00	161.00
2014.44079	 -25.28	   8.70	2014.00	162.00
2014.44353	 -21.68	   8.70	2014.00	163.00
2014.44627	 -10.57	  15.70	2014.00	164.00
