2017.73922	 -22.49	  12.50	2017.00	271.00
2017.74196	 -16.23	  12.50	2017.00	272.00
2017.74470	 -15.37	  12.50	2017.00	273.00
2017.74743	  -3.82	  12.50	2017.00	274.00
2017.75017	  -0.06	  12.70	2017.00	275.00
2017.75291	 -17.90	  12.50	2017.00	276.00
2017.75565	 -18.84	  13.00	2017.00	277.00
2017.75838	 -19.39	  12.70	2017.00	278.00
2017.76112	 -14.13	  12.70	2017.00	279.00
2017.76386	  -3.57	  12.50	2017.00	280.00
2017.76660	   1.28	  12.50	2017.00	281.00
2017.76934	 -21.56	  12.50	2017.00	282.00
2017.77207	 -21.00	  12.50	2017.00	283.00
2017.77481	 -20.75	  12.50	2017.00	284.00
2017.77755	 -15.09	  12.50	2017.00	285.00
2017.78029	  -9.33	  12.50	2017.00	286.00
2017.78303	  -6.38	  12.50	2017.00	287.00
2017.78576	 -12.52	  12.50	2017.00	288.00
2017.78850	 -15.36	  12.80	2017.00	289.00
2017.79124	 -10.61	  12.80	2017.00	290.00
2017.79398	  -7.65	  12.50	2017.00	291.00
2017.79671	 -16.09	  13.00	2017.00	292.00
2017.79945	 -14.44	  13.00	2017.00	293.00
2017.80219	 -12.28	  19.20	2017.00	294.00
2017.80493	 -12.42	  13.00	2017.00	295.00
2017.80767	 -14.07	  13.00	2017.00	296.00
2017.81040	 -27.71	  12.90	2017.00	297.00
2017.81314	 -22.95	  12.50	2017.00	298.00
2017.81588	 -16.30	  12.50	2017.00	299.00
2017.81862	 -24.24	  12.80	2017.00	300.00
2017.82136	 -26.08	  12.50	2017.00	301.00
2017.82409	 -26.72	  12.50	2017.00	302.00
2017.82683	 -24.17	  12.50	2017.00	303.00
2017.82957	 -21.81	  12.70	2017.00	304.00
2017.83231	 -14.85	  12.50	2017.00	305.00
2017.83504	  -2.40	  12.90	2017.00	306.00
2017.83778	 -10.94	  12.50	2017.00	307.00
2017.84052	  -8.18	  12.70	2017.00	308.00
2017.84326	  -9.83	  12.70	2017.00	309.00
2017.84600	 -10.97	  12.50	2017.00	310.00
2017.84873	 -17.21	  12.80	2017.00	311.00
2017.85147	 -16.76	  13.00	2017.00	312.00
2017.85421	 -11.20	  12.80	2017.00	313.00
2017.85695	 -23.54	  13.00	2017.00	314.00
2017.85969	 -11.99	  13.00	2017.00	315.00
2017.86242	 -12.43	  12.60	2017.00	316.00
2017.86516	  -5.07	  12.70	2017.00	317.00
2017.86790	  -9.62	  13.00	2017.00	318.00
2017.87064	  -4.76	  12.70	2017.00	319.00
2017.87337	  -0.40	  12.60	2017.00	320.00
2017.87611	  -0.95	  12.50	2017.00	321.00
2017.87885	  -9.79	  12.70	2017.00	322.00
2017.88159	 -24.53	  17.10	2017.00	323.00
2017.88433	 -13.57	  14.40	2017.00	324.00
2017.88706	 -12.22	  12.80	2017.00	325.00
2017.88980	 -15.56	  13.00	2017.00	326.00
2017.89254	 -16.30	  12.80	2017.00	327.00
2017.89528	  -5.25	  13.00	2017.00	328.00
2017.89802	 -10.79	  12.70	2017.00	329.00
2017.90075	 -15.93	  13.00	2017.00	330.00
2017.90349	  -8.58	  12.50	2017.00	331.00
2017.90623	 -16.22	  13.00	2017.00	332.00
2017.90897	  -5.96	  13.00	2017.00	333.00
2017.91170	 -20.41	  13.00	2017.00	334.00
2017.91444	 -13.85	  12.70	2017.00	335.00
2017.91718	 -15.29	  13.00	2017.00	336.00
2017.91992	  -1.74	  13.00	2017.00	337.00
2017.92266	 -13.08	  13.00	2017.00	338.00
2017.92539	 -18.72	  12.80	2017.00	339.00
2017.92813	 -24.37	  16.30	2017.00	340.00
2017.93087	 -21.61	  13.00	2017.00	341.00
2017.93361	 -13.95	  13.00	2017.00	342.00
2017.93634	 -16.10	  13.00	2017.00	343.00
2017.93908	 -17.14	  13.00	2017.00	344.00
2017.94182	 -18.48	  13.00	2017.00	345.00
2017.94456	 -15.73	  13.00	2017.00	346.00
2017.94730	 -19.17	  12.80	2017.00	347.00
2017.95003	 -20.01	  13.20	2017.00	348.00
2017.95277	 -16.45	  13.00	2017.00	349.00
2018.21629	 -11.09	  14.10	2018.00	 80.00
2018.21903	  -5.53	  13.00	2018.00	 81.00
2018.22177	  -7.07	  13.00	2018.00	 82.00
2018.22450	 -12.52	  13.00	2018.00	 83.00
2018.22724	 -16.16	  13.00	2018.00	 84.00
2018.22998	 -11.50	  17.90	2018.00	 85.00
2018.23272	  11.95	  13.00	2018.00	 86.00
2018.23546	 -14.69	  13.30	2018.00	 87.00
2018.23819	 -17.43	  13.30	2018.00	 88.00
2018.24093	 -12.28	  13.20	2018.00	 89.00
2018.24367	 -18.52	  13.40	2018.00	 90.00
2018.24641	 -12.96	  13.40	2018.00	 91.00
2018.24914	  -1.51	  13.30	2018.00	 92.00
2018.25188	 -11.35	  13.20	2018.00	 93.00
2018.25462	 -15.29	  13.20	2018.00	 94.00
2018.25736	 -11.54	  13.40	2018.00	 95.00
2018.26010	 -12.18	  13.70	2018.00	 96.00
2018.26283	  -1.02	  13.20	2018.00	 97.00
2018.26557	  -9.37	  13.00	2018.00	 98.00
2018.26831	  -9.31	  13.30	2018.00	 99.00
2018.27105	 -12.05	  13.40	2018.00	100.00
2018.27379	  -0.29	  13.20	2018.00	101.00
2018.27652	  -5.64	  13.40	2018.00	102.00
2018.27926	 -10.08	  13.70	2018.00	103.00
2018.28200	  -9.22	  13.20	2018.00	104.00
2018.28474	 -12.97	  13.20	2018.00	105.00
2018.28747	  -9.21	  13.20	2018.00	106.00
2018.29021	  -6.15	  13.50	2018.00	107.00
2018.29295	 -14.70	  13.40	2018.00	108.00
2018.29569	 -18.94	  13.00	2018.00	109.00
2018.29843	 -15.58	  13.20	2018.00	110.00
2018.30116	 -19.93	  13.00	2018.00	111.00
2018.30390	 -22.27	  13.20	2018.00	112.00
2018.30664	 -18.71	  13.20	2018.00	113.00
2018.30938	 -26.46	  13.20	2018.00	114.00
2018.31211	 -14.10	  13.00	2018.00	115.00
2018.31485	 -21.24	  13.20	2018.00	116.00
2018.31759	 -11.59	  13.40	2018.00	117.00
2018.32033	 -18.73	  13.00	2018.00	118.00
2018.32307	 -16.57	  13.20	2018.00	119.00
2018.32580	 -25.82	  13.20	2018.00	120.00
2018.32854	 -20.66	  13.70	2018.00	121.00
2018.33128	 -21.70	  13.20	2018.00	122.00
2018.33402	 -28.35	  13.40	2018.00	123.00
2018.33676	 -22.89	  13.90	2018.00	124.00
2018.33949	 -28.93	  13.20	2018.00	125.00
2018.54483	 -20.87	  12.80	2018.00	200.00
2018.54757	 -26.01	  13.00	2018.00	201.00
2018.55031	 -25.86	  12.70	2018.00	202.00
2018.55305	 -22.20	  13.00	2018.00	203.00
2018.55578	 -24.34	  13.00	2018.00	204.00
2018.55852	 -23.99	  13.20	2018.00	205.00
2018.56126	 -26.03	  13.00	2018.00	206.00
2018.56400	 -22.37	  12.70	2018.00	207.00
2018.56674	 -18.12	  12.90	2018.00	208.00
2018.56947	 -21.46	  13.00	2018.00	209.00
2018.57221	 -17.50	  13.00	2018.00	210.00
2018.57495	 -30.95	  13.40	2018.00	211.00
2018.57769	 -24.89	  13.60	2018.00	212.00
2018.58042	 -17.33	  13.00	2018.00	213.00
2018.58316	 -19.28	  13.20	2018.00	214.00
2018.58590	 -19.22	  12.50	2018.00	215.00
2018.58864	 -16.56	  12.50	2018.00	216.00
2018.59138	 -14.51	  12.80	2018.00	217.00
2018.59411	 -10.75	  12.80	2018.00	218.00
2018.59685	 -17.79	  12.70	2018.00	219.00
2018.59959	 -31.14	  12.70	2018.00	220.00
2018.60233	 -18.68	  12.70	2018.00	221.00
2018.60507	 -19.02	  12.70	2018.00	222.00
2018.60780	 -25.46	  12.70	2018.00	223.00
2018.61054	 -20.71	  12.80	2018.00	224.00
2018.61328	 -16.75	  12.70	2018.00	225.00
2018.61602	 -17.79	  12.70	2018.00	226.00
2018.61875	 -14.14	  12.80	2018.00	227.00
2018.62149	 -13.78	  13.40	2018.00	228.00
2018.62423	 -15.12	  13.00	2018.00	229.00
2018.62697	 -22.17	  12.70	2018.00	230.00
2018.62971	 -19.30	  12.70	2018.00	231.00
2018.63244	 -16.95	  13.00	2018.00	232.00
2018.63518	 -18.40	  13.00	2018.00	233.00
2018.63792	 -17.04	  13.40	2018.00	234.00
2018.64066	 -20.18	  13.40	2018.00	235.00
2018.64339	 -18.53	  12.70	2018.00	236.00
2018.64613	 -21.97	  13.00	2018.00	237.00
2018.64887	 -14.31	  13.00	2018.00	238.00
2018.65161	 -11.86	  13.00	2018.00	239.00
2018.65435	 -14.80	  12.70	2018.00	240.00
2018.65708	 -17.84	  12.70	2018.00	241.00
2018.65982	 -15.19	  13.00	2018.00	242.00
2018.66256	  -7.13	  12.70	2018.00	243.00
2018.66530	 -15.57	  12.70	2018.00	244.00
2018.66804	 -10.02	  13.00	2018.00	245.00
2018.67077	 -20.56	  12.70	2018.00	246.00
2018.67351	 -17.40	  13.00	2018.00	247.00
2018.67625	 -16.34	  12.90	2018.00	248.00
2018.67899	 -13.39	  13.00	2018.00	249.00
2018.68172	 -24.43	  13.00	2018.00	250.00
2018.68446	 -18.07	  13.00	2018.00	251.00
2018.68720	 -19.92	  12.70	2018.00	252.00
2018.68994	 -21.06	  13.00	2018.00	253.00
2018.69268	 -17.60	  13.00	2018.00	254.00
2018.69541	 -15.25	  12.90	2018.00	255.00
2018.69815	 -11.79	  13.00	2018.00	256.00
2018.70089	 -21.13	  13.00	2018.00	257.00
2018.70363	 -22.08	  12.90	2018.00	258.00
2018.70637	 -24.02	  13.00	2018.00	259.00
2018.70910	 -19.06	  13.00	2018.00	260.00
2018.71184	 -18.01	  13.00	2018.00	261.00
2018.71458	 -20.95	  12.80	2018.00	262.00
2018.71732	 -22.49	  12.70	2018.00	263.00
2018.72005	 -24.24	  13.00	2018.00	264.00
2018.72279	  -5.68	  13.00	2018.00	265.00
2018.72553	 -12.42	  13.00	2018.00	266.00
2018.72827	 -19.07	  13.00	2018.00	267.00
2018.73101	 -21.21	  13.00	2018.00	268.00
2018.73374	 -20.95	  12.70	2018.00	269.00
2018.73648	 -18.40	  12.80	2018.00	270.00
2018.73922	 -21.74	  12.80	2018.00	271.00
2018.74196	 -16.98	  13.00	2018.00	272.00
2018.74470	 -22.72	  13.00	2018.00	273.00
2018.74743	 -11.37	  12.70	2018.00	274.00
2018.75291	 -16.15	  13.00	2018.00	276.00
2018.75565	 -15.80	  13.00	2018.00	277.00
2018.75838	 -16.44	  13.00	2018.00	278.00
2018.76112	   0.72	  12.70	2018.00	279.00
2018.76386	 -19.13	  13.00	2018.00	280.00
2018.76660	 -10.87	  12.80	2018.00	281.00
2018.76934	  -3.51	  13.00	2018.00	282.00
2018.77207	 -17.26	  13.00	2018.00	283.00
2018.77481	 -18.60	  13.00	2018.00	284.00
2018.77755	 -15.04	  12.50	2018.00	285.00
2018.78029	 -21.59	  13.00	2018.00	286.00
2018.78303	 -26.63	  12.80	2018.00	287.00
2018.78576	 -25.37	  13.00	2018.00	288.00
2018.78850	 -20.62	  13.00	2018.00	289.00
2018.79124	 -24.46	  13.00	2018.00	290.00
2018.79398	 -18.40	  13.00	2018.00	291.00
2018.79671	 -22.55	  12.70	2018.00	292.00
2018.79945	 -17.49	  12.80	2018.00	293.00
2018.80219	 -16.73	  13.00	2018.00	294.00
2018.80493	 -17.48	  13.20	2018.00	295.00
2018.80767	 -18.92	  12.70	2018.00	296.00
2018.81040	 -20.16	  13.70	2018.00	297.00
2018.81314	 -14.90	  13.00	2018.00	298.00
2018.81588	  -4.25	  13.00	2018.00	299.00
2018.81862	 -18.09	  13.00	2018.00	300.00
2018.82136	 -14.13	  13.00	2018.00	301.00
2018.82409	 -16.18	  12.70	2018.00	302.00
2018.82683	 -17.92	  12.70	2018.00	303.00
2018.82957	 -11.66	  12.70	2018.00	304.00
2018.83231	 -10.71	  12.50	2018.00	305.00
2018.83504	  -5.55	  12.70	2018.00	306.00
2018.83778	  -6.49	  12.70	2018.00	307.00
2018.84052	 -13.34	  13.00	2018.00	308.00
2018.84326	   2.02	  12.70	2018.00	309.00
2018.84600	   2.48	  12.70	2018.00	310.00
2018.84873	   5.13	  12.90	2018.00	311.00
2018.85147	  -9.51	  12.70	2018.00	312.00
2018.85421	 -23.95	  13.00	2018.00	313.00
2018.85695	 -18.90	  12.90	2018.00	314.00
2018.85969	 -16.34	  12.80	2018.00	315.00
2018.86242	 -14.78	  13.00	2018.00	316.00
2018.86516	 -14.73	  13.00	2018.00	317.00
2018.86790	 -12.67	  12.90	2018.00	318.00
2018.87064	 -12.11	  13.00	2018.00	319.00
2018.87337	   1.24	  12.70	2018.00	320.00
2018.87611	 -15.70	  13.00	2018.00	321.00
2018.87885	 -18.94	  13.00	2018.00	322.00
2018.88159	 -21.08	  13.00	2018.00	323.00
2018.88433	 -16.53	  13.00	2018.00	324.00
2018.88706	 -17.77	  13.00	2018.00	325.00
2018.88980	  -1.91	  13.00	2018.00	326.00
2018.89254	   0.94	  13.00	2018.00	327.00
2018.89528	   1.40	  13.00	2018.00	328.00
2018.89802	 -13.34	  13.00	2018.00	329.00
2018.90075	 -13.89	  13.00	2018.00	330.00
2018.90349	  -3.93	  12.60	2018.00	331.00
2018.90623	  -3.97	  13.00	2018.00	332.00
2018.90897	   5.78	  12.50	2018.00	333.00
2018.91170	   5.34	  13.00	2018.00	334.00
2018.91444	   0.80	  12.60	2018.00	335.00
2018.91718	   6.85	  12.70	2018.00	336.00
2018.91992	  -2.29	  12.70	2018.00	337.00
2018.92266	  -5.13	  12.70	2018.00	338.00
2018.92539	   4.52	  12.60	2018.00	339.00
2018.92813	   2.98	  12.70	2018.00	340.00
2018.93087	   1.44	  13.00	2018.00	341.00
2018.93361	   9.89	  12.80	2018.00	342.00
2018.93634	   3.75	  13.00	2018.00	343.00
2018.93908	  15.41	  12.70	2018.00	344.00
2018.94182	  10.16	  12.80	2018.00	345.00
2018.94456	  27.92	  12.60	2018.00	346.00
2018.94730	  13.38	  12.90	2018.00	347.00
2018.95003	   5.84	  13.20	2018.00	348.00
2018.95277	  11.79	  12.70	2018.00	349.00
2018.95551	   6.25	  12.50	2018.00	350.00
2018.95825	  19.91	  12.50	2018.00	351.00
2018.96099	  17.66	  13.00	2018.00	352.00
2018.96372	  13.12	  12.70	2018.00	353.00
2018.96646	  14.48	  13.00	2018.00	354.00
2019.03285	  16.15	  28.50	2019.00	 13.00
2019.03559	  -5.19	  21.90	2019.00	 14.00
2019.03833	   0.47	  21.20	2019.00	 15.00
2019.04107	  -9.68	  24.50	2019.00	 16.00
2019.06571	   1.04	  13.40	2019.00	 25.00
2019.06845	  -5.61	  13.70	2019.00	 26.00
2019.07118	   1.15	  13.40	2019.00	 27.00
2019.07392	  -3.09	  13.00	2019.00	 28.00
2019.07666	  -7.24	  13.20	2019.00	 29.00
2019.07940	   0.02	  13.00	2019.00	 30.00
2019.08214	  -2.42	  13.70	2019.00	 31.00
2019.08487	   7.53	  13.00	2019.00	 32.00
2019.08761	   9.99	  13.00	2019.00	 33.00
2019.09035	   5.45	  13.00	2019.00	 34.00
2019.09309	   2.00	  12.90	2019.00	 35.00
2019.09582	  -1.24	  13.00	2019.00	 36.00
2019.09856	  -4.68	  13.00	2019.00	 37.00
2019.10130	  -1.13	  13.00	2019.00	 38.00
2019.10404	   1.23	  13.60	2019.00	 39.00
2019.10951	  -1.86	  13.00	2019.00	 41.00
2019.11225	   5.70	  13.40	2019.00	 42.00
2019.11499	   2.36	  13.70	2019.00	 43.00
2019.13142	   4.00	  16.70	2019.00	 49.00
2019.13415	   8.46	  18.30	2019.00	 50.00
2019.13689	  14.51	  18.50	2019.00	 51.00
2019.13963	   4.37	  13.00	2019.00	 52.00
2019.14237	   5.13	  13.00	2019.00	 53.00
2019.14511	   4.58	  13.00	2019.00	 54.00
2019.14784	  -5.86	  12.80	2019.00	 55.00
2019.15058	   4.10	  18.70	2019.00	 56.00
2019.15332	   2.05	  15.60	2019.00	 57.00
2019.15606	   2.11	  13.00	2019.00	 58.00
2019.15880	  -1.73	  13.00	2019.00	 59.00
2019.16153	  -0.68	  13.40	2019.00	 60.00
2019.16427	  -8.02	  13.00	2019.00	 61.00
2019.16701	 -13.06	  13.00	2019.00	 62.00
2019.16975	  -9.21	  12.80	2019.00	 63.00
2019.17248	  -8.15	  13.00	2019.00	 64.00
2019.17522	 -11.09	  13.00	2019.00	 65.00
2019.17796	  -5.74	  13.00	2019.00	 66.00
2019.18070	 -10.48	  13.00	2019.00	 67.00
2019.18344	 -13.22	  13.00	2019.00	 68.00
2019.18617	  -9.47	  12.70	2019.00	 69.00
2019.18891	  -7.21	  13.00	2019.00	 70.00
2019.19165	  -1.25	  13.00	2019.00	 71.00
2019.19439	   7.20	  13.00	2019.00	 72.00
2019.19713	  -3.64	  13.00	2019.00	 73.00
2019.19986	  -6.68	  13.70	2019.00	 74.00
2019.20260	 -18.22	  13.00	2019.00	 75.00
2019.20534	 -11.97	  13.00	2019.00	 76.00
2019.20808	  -3.61	  13.30	2019.00	 77.00
2019.21081	  -6.95	  13.10	2019.00	 78.00
2019.21355	  -0.70	  13.00	2019.00	 79.00
2019.21629	  -9.54	  13.00	2019.00	 80.00
2019.21903	  -5.48	  13.50	2019.00	 81.00
2019.22177	  -2.13	  13.00	2019.00	 82.00
2019.22450	  -5.27	  13.20	2019.00	 83.00
2019.22724	  -9.81	  13.00	2019.00	 84.00
2019.22998	  -3.56	  13.00	2019.00	 85.00
2019.23272	  -7.30	  13.00	2019.00	 86.00
2019.23546	  -4.34	  13.00	2019.00	 87.00
2019.23819	  -8.59	  13.00	2019.00	 88.00
2019.24093	  -6.93	  13.70	2019.00	 89.00
2019.24367	 -10.37	  13.50	2019.00	 90.00
2019.24641	 -13.92	  13.40	2019.00	 91.00
2019.24914	   3.44	  13.00	2019.00	 92.00
2019.25188	   1.70	  13.70	2019.00	 93.00
2019.25462	  -4.55	  13.00	2019.00	 94.00
2019.25736	  -4.19	  13.00	2019.00	 95.00
2019.26010	   6.07	  13.00	2019.00	 96.00
2019.26283	   5.72	  13.00	2019.00	 97.00
2019.26557	  -6.02	  13.40	2019.00	 98.00
2019.27379	   4.65	  13.40	2019.00	101.00
2019.27652	   1.01	  13.40	2019.00	102.00
2019.27926	  -7.13	  13.00	2019.00	103.00
2019.28200	  -1.58	  13.00	2019.00	104.00
2019.28474	  -4.72	  13.00	2019.00	105.00
2019.28747	  -3.66	  13.00	2019.00	106.00
2019.29021	   0.59	  13.00	2019.00	107.00
2019.29295	  -3.95	  13.00	2019.00	108.00
2019.29569	  -9.59	  13.30	2019.00	109.00
2019.29843	   2.36	  13.20	2019.00	110.00
2019.30116	 -10.68	  13.20	2019.00	111.00
2019.30390	  -6.72	  13.30	2019.00	112.00
2019.30938	 -10.71	  13.00	2019.00	114.00
2019.31211	 -16.45	  12.80	2019.00	115.00
2019.31485	 -15.70	  12.70	2019.00	116.00
2019.31759	 -14.34	  12.50	2019.00	117.00
2019.32033	 -10.58	  12.70	2019.00	118.00
2019.32307	 -17.13	  12.70	2019.00	119.00
2019.32580	 -12.67	  12.80	2019.00	120.00
2019.32854	 -13.01	  12.70	2019.00	121.00
2019.33128	 -16.56	  13.00	2019.00	122.00
2019.33402	 -15.50	  13.00	2019.00	123.00
2019.33676	 -14.14	  12.80	2019.00	124.00
2019.33949	 -18.88	  12.70	2019.00	125.00
2019.34223	 -16.23	  12.70	2019.00	126.00
2019.34497	 -20.17	  13.00	2019.00	127.00
2019.34771	 -25.21	  13.00	2019.00	128.00
2019.35044	 -24.56	  12.70	2019.00	129.00
2019.35318	 -28.60	  12.70	2019.00	130.00
2019.35592	 -35.04	  12.50	2019.00	131.00
2019.35866	 -25.79	  12.70	2019.00	132.00
2019.36140	 -25.23	  12.50	2019.00	133.00
2019.36413	 -21.67	  12.70	2019.00	134.00
2019.36687	 -25.12	  12.50	2019.00	135.00
2019.36961	 -18.76	  12.70	2019.00	136.00
2019.37235	 -23.10	  12.50	2019.00	137.00
2019.37509	 -23.25	  12.70	2019.00	138.00
2019.37782	 -25.39	  12.50	2019.00	139.00
2019.38056	 -32.03	  12.70	2019.00	140.00
2019.38330	 -20.18	  12.50	2019.00	141.00
2019.38604	 -23.52	  12.70	2019.00	142.00
2019.38877	 -26.66	  12.50	2019.00	143.00
2019.39151	 -15.01	  12.50	2019.00	144.00
2019.39425	 -17.75	  12.50	2019.00	145.00
2019.39699	 -13.09	  12.70	2019.00	146.00
2019.39973	 -32.03	  12.50	2019.00	147.00
2019.40246	 -27.08	  12.50	2019.00	148.00
2019.40520	 -26.72	  12.50	2019.00	149.00
2019.40794	 -30.06	  12.70	2019.00	150.00
2019.41068	 -23.41	  12.70	2019.00	151.00
2019.41342	 -18.75	  12.50	2019.00	152.00
2019.41615	 -24.59	  12.70	2019.00	153.00
2019.41889	 -20.54	  12.50	2019.00	154.00
2019.42163	 -29.68	  12.60	2019.00	155.00
2019.42437	 -24.22	  12.80	2019.00	156.00
2019.42710	 -15.27	  12.90	2019.00	157.00
2019.42984	 -18.61	  12.50	2019.00	158.00
2019.43258	 -17.35	  12.50	2019.00	159.00
2019.43532	 -27.20	  12.50	2019.00	160.00
2019.43806	 -34.94	  13.00	2019.00	161.00
2019.44079	 -24.18	  13.00	2019.00	162.00
2019.44353	 -31.03	  13.00	2019.00	163.00
2019.44627	 -20.97	  12.70	2019.00	164.00
2019.44901	 -26.01	  13.00	2019.00	165.00
2019.45175	 -21.06	  13.00	2019.00	166.00
2019.45448	 -18.50	  13.00	2019.00	167.00
2019.45722	 -18.84	  12.80	2019.00	168.00
2019.45996	 -25.89	  12.70	2019.00	169.00
2019.46270	 -23.13	  13.10	2019.00	170.00
2019.46543	 -14.87	  13.40	2019.00	171.00
2019.46817	 -15.71	  13.00	2019.00	172.00
2019.47091	 -19.86	  12.90	2019.00	173.00
2019.47365	 -20.80	  12.70	2019.00	174.00
2019.47639	 -20.14	  12.80	2019.00	175.00
2019.47912	 -19.99	  13.00	2019.00	176.00
2019.48186	 -26.43	  13.00	2019.00	177.00
2019.48460	 -20.67	  12.70	2019.00	178.00
2019.48734	 -21.22	  12.70	2019.00	179.00
2019.49008	 -28.06	  12.70	2019.00	180.00
2019.49281	 -21.20	  12.90	2019.00	181.00
2019.49555	 -18.45	  12.70	2019.00	182.00
2019.49829	 -21.49	  12.50	2019.00	183.00
2019.50103	 -23.83	  12.50	2019.00	184.00
2019.50376	 -23.88	  12.50	2019.00	185.00
2019.50650	 -24.62	  12.80	2019.00	186.00
2019.50924	 -23.06	  12.70	2019.00	187.00
2019.51198	 -29.71	  12.80	2019.00	188.00
2019.51472	 -14.15	  12.70	2019.00	189.00
2019.51745	 -24.59	  12.50	2019.00	190.00
2019.52019	 -33.64	  12.70	2019.00	191.00
2019.52293	 -17.38	  13.00	2019.00	192.00
2019.52567	 -20.82	  12.70	2019.00	193.00
2019.52841	 -20.17	  13.40	2019.00	194.00
2019.53114	 -18.91	  13.00	2019.00	195.00
2019.53388	 -24.75	  13.00	2019.00	196.00
2019.53662	 -27.19	  13.00	2019.00	197.00
2019.53936	 -31.84	  13.00	2019.00	198.00
2019.54209	 -19.28	  12.90	2019.00	199.00
2019.54483	 -12.82	  13.20	2019.00	200.00
2019.54757	 -17.47	  12.50	2019.00	201.00
2019.55031	 -32.41	  12.50	2019.00	202.00
2019.55305	 -25.15	  13.00	2019.00	203.00
2019.55578	 -21.40	  13.00	2019.00	204.00
2019.55852	 -20.84	  13.00	2019.00	205.00
2019.56126	 -23.38	  13.80	2019.00	206.00
2019.56400	 -25.83	  12.80	2019.00	207.00
2019.56674	 -21.97	  12.70	2019.00	208.00
2019.56947	 -24.81	  12.70	2019.00	209.00
2019.57221	 -18.96	  13.00	2019.00	210.00
2019.57495	 -24.60	  12.30	2019.00	211.00
2019.57769	 -21.14	  12.70	2019.00	212.00
2019.58042	 -25.19	  12.50	2019.00	213.00
2019.58316	 -25.03	  13.20	2019.00	214.00
2019.58590	 -14.97	  12.70	2019.00	215.00
2019.58864	 -19.02	  12.80	2019.00	216.00
2019.59138	 -16.16	  13.00	2019.00	217.00
2019.59411	 -18.50	  12.80	2019.00	218.00
2019.59685	 -15.85	  13.20	2019.00	219.00
2019.59959	 -16.89	  13.40	2019.00	220.00
2019.60233	 -17.53	  12.70	2019.00	221.00
2019.60507	 -13.77	  13.40	2019.00	222.00
2019.60780	 -19.22	  13.40	2019.00	223.00
2019.61054	 -30.36	  12.50	2019.00	224.00
2019.61328	 -18.50	  15.20	2019.00	225.00
2019.61602	 -23.35	  12.50	2019.00	226.00
2019.61875	 -19.59	  12.70	2019.00	227.00
2019.62149	 -17.13	  13.00	2019.00	228.00
2019.62423	 -15.48	  12.70	2019.00	229.00
2019.62697	 -16.82	  12.70	2019.00	230.00
2019.62971	 -26.66	  12.70	2019.00	231.00
2019.63244	 -23.71	  12.70	2019.00	232.00
2019.63518	 -18.25	  12.80	2019.00	233.00
2019.63792	 -12.99	  13.00	2019.00	234.00
2019.64066	 -18.24	  12.70	2019.00	235.00
2019.64339	 -17.88	  12.70	2019.00	236.00
2019.64613	 -19.82	  12.70	2019.00	237.00
2019.64887	 -19.37	  12.70	2019.00	238.00
2019.65161	 -20.01	  12.50	2019.00	239.00
2019.65435	 -12.75	  13.00	2019.00	240.00
2019.65708	 -17.50	  13.00	2019.00	241.00
2019.65982	 -18.04	  12.80	2019.00	242.00
2019.66256	 -14.88	  12.70	2019.00	243.00
2019.66530	  -5.53	  12.70	2019.00	244.00
2019.66804	 -16.87	  12.70	2019.00	245.00
2019.67077	 -18.01	  12.70	2019.00	246.00
2019.67351	 -20.25	  12.50	2019.00	247.00
2019.67625	 -18.00	  12.80	2019.00	248.00
2019.67899	 -20.04	  12.80	2019.00	249.00
2019.68172	 -20.58	  12.70	2019.00	250.00
2019.68446	 -13.33	  13.00	2019.00	251.00
2019.68720	 -15.47	  12.70	2019.00	252.00
2019.68994	 -22.91	  12.70	2019.00	253.00
2019.69268	 -23.06	  12.70	2019.00	254.00
2019.69541	 -13.50	  12.70	2019.00	255.00
2019.69815	 -16.24	  12.80	2019.00	256.00
2019.70089	 -21.39	  12.70	2019.00	257.00
2019.70363	 -17.13	  12.70	2019.00	258.00
2019.70637	 -18.87	  12.50	2019.00	259.00
2019.70910	 -28.32	  12.80	2019.00	260.00
2019.71184	 -39.76	  13.00	2019.00	261.00
2019.71458	 -23.20	  12.30	2019.00	262.00
2019.71732	 -22.25	  13.40	2019.00	263.00
2019.72005	 -17.99	  13.40	2019.00	264.00
2019.72279	 -19.53	  12.50	2019.00	265.00
2019.72553	 -17.98	  12.80	2019.00	266.00
2019.72827	 -13.32	  12.70	2019.00	267.00
2019.73101	 -21.56	  12.50	2019.00	268.00
2019.73374	 -17.31	  12.70	2019.00	269.00
2019.73648	 -15.85	  12.50	2019.00	270.00
2019.73922	 -21.29	  13.00	2019.00	271.00
2019.74196	 -30.53	  12.70	2019.00	272.00
2019.74470	 -26.58	  12.70	2019.00	273.00
2019.74743	 -21.22	  13.00	2019.00	274.00
2019.75017	 -23.76	  13.00	2019.00	275.00
2019.75291	 -20.01	  13.20	2019.00	276.00
2019.75565	 -17.25	  12.70	2019.00	277.00
2019.75838	 -15.19	  12.50	2019.00	278.00
2019.76112	 -21.34	  12.50	2019.00	279.00
2019.76386	  -9.88	  12.70	2019.00	280.00
2019.76660	 -12.52	  12.70	2019.00	281.00
2019.76934	  -9.27	  12.50	2019.00	282.00
2019.77207	 -12.51	  13.00	2019.00	283.00
2019.77481	 -10.35	  13.00	2019.00	284.00
2019.77755	 -15.20	  12.70	2019.00	285.00
2019.78029	 -12.64	  12.50	2019.00	286.00
2019.78303	 -14.08	  12.50	2019.00	287.00
2019.78576	 -15.33	  12.80	2019.00	288.00
2019.78850	 -21.27	  13.00	2019.00	289.00
2019.79124	  -6.01	  12.50	2019.00	290.00
2019.79398	  -2.06	  12.50	2019.00	291.00
2019.79671	  -5.60	  12.70	2019.00	292.00
2019.79945	   2.26	  12.70	2019.00	293.00
2019.80219	 -16.99	  12.80	2019.00	294.00
2019.80493	 -21.43	  12.70	2019.00	295.00
2019.80767	 -32.07	  12.80	2019.00	296.00
2019.81040	 -28.81	  12.70	2019.00	297.00
2019.81314	 -25.56	  12.70	2019.00	298.00
2019.81588	 -29.10	  12.30	2019.00	299.00
2019.81862	 -25.44	  12.50	2019.00	300.00
2019.82136	 -27.39	  12.50	2019.00	301.00
2019.82409	 -22.33	  12.70	2019.00	302.00
2019.82683	 -21.87	  12.50	2019.00	303.00
2019.82957	 -18.32	  12.80	2019.00	304.00
2019.83231	 -23.26	  12.80	2019.00	305.00
2019.83504	 -27.10	  12.70	2019.00	306.00
2019.83778	 -18.85	  12.50	2019.00	307.00
2019.84052	 -23.39	  12.50	2019.00	308.00
2019.84326	 -23.03	  13.00	2019.00	309.00
2019.84600	 -22.38	  12.50	2019.00	310.00
2019.84873	 -21.92	  12.50	2019.00	311.00
2019.85147	 -17.06	  12.50	2019.00	312.00
2019.85421	 -30.21	  12.70	2019.00	313.00
2019.85695	 -27.75	  12.50	2019.00	314.00
2019.85969	 -21.89	  12.30	2019.00	315.00
2019.86242	 -17.04	  12.50	2019.00	316.00
2019.86516	 -13.48	  12.70	2019.00	317.00
2019.86790	 -19.42	  12.80	2019.00	318.00
2019.87064	 -22.06	  13.00	2019.00	319.00
2019.87337	 -21.71	  12.50	2019.00	320.00
2019.87611	 -16.65	  13.00	2019.00	321.00
2019.87885	 -14.99	  12.70	2019.00	322.00
2019.88159	  -3.14	  12.70	2019.00	323.00
2019.88433	 -14.78	  12.90	2019.00	324.00
2019.88706	 -13.82	  13.00	2019.00	325.00
2019.88980	 -13.07	  12.30	2019.00	326.00
2019.90349	  -2.18	  12.50	2019.00	331.00
2019.90623	  -6.33	  12.50	2019.00	332.00
2019.90897	  -7.97	  12.50	2019.00	333.00
2019.91170	 -11.81	  12.50	2019.00	334.00
2019.91444	  -1.06	  12.50	2019.00	335.00
2019.91718	  -6.40	  12.50	2019.00	336.00
2019.91992	  -5.74	  12.50	2019.00	337.00
2019.92266	 -10.09	  12.70	2019.00	338.00
2019.92539	  -8.83	  12.50	2019.00	339.00
2019.92813	  -9.27	  12.70	2019.00	340.00
2019.93087	 -11.92	  12.50	2019.00	341.00
2019.93361	 -13.56	  12.70	2019.00	342.00
2019.93634	 -25.00	  12.70	2019.00	343.00
2019.93908	 -16.94	  12.70	2019.00	344.00
2019.94182	  -6.59	  12.70	2019.00	345.00
2019.94456	   0.87	  13.00	2019.00	346.00
2019.94730	  -1.37	  12.70	2019.00	347.00
2019.95003	  -6.62	  13.00	2019.00	348.00
2019.95277	  -7.16	  12.50	2019.00	349.00
2019.95551	 -10.30	  12.50	2019.00	350.00
2019.95825	 -11.85	  12.70	2019.00	351.00
2019.96099	  -6.69	  12.60	2019.00	352.00
2019.96372	  -6.13	  12.70	2019.00	353.00
2019.96646	   1.52	  12.80	2019.00	354.00
2019.96920	   0.08	  12.70	2019.00	355.00
2019.97194	   1.24	  12.70	2019.00	356.00
2019.97467	   8.99	  12.70	2019.00	357.00
2019.97741	   4.75	  12.70	2019.00	358.00
2019.98015	   1.41	  12.70	2019.00	359.00
2019.98289	  -5.14	  12.70	2019.00	360.00
2019.98563	   0.72	  12.50	2019.00	361.00
2019.98836	   0.38	  12.70	2019.00	362.00
2019.99110	  -8.77	  12.70	2019.00	363.00
2019.99384	 -18.81	  12.30	2019.00	364.00
2019.99658	 -15.85	  12.30	2019.00	365.00
2020.00000	  21.42	  12.80	2020.00	  1.00
2020.00274	  24.78	  12.70	2020.00	  2.00
2020.05202	  -4.30	  12.30	2020.00	 20.00
2020.05476	  -5.75	  12.50	2020.00	 21.00
2020.05749	  -3.89	  12.30	2020.00	 22.00
2020.06023	  -6.63	  12.70	2020.00	 23.00
2020.06297	  -7.37	  12.50	2020.00	 24.00
2020.06571	   5.58	  12.70	2020.00	 25.00
2020.06845	   0.84	  12.70	2020.00	 26.00
2020.07118	  -3.90	  12.30	2020.00	 27.00
2020.07392	   2.25	  12.50	2020.00	 28.00
2020.11225	  -5.15	  12.80	2020.00	 42.00
2020.11499	 -16.90	  12.80	2020.00	 43.00
2020.11773	 -10.04	  13.00	2020.00	 44.00
2020.12047	  -2.48	  13.30	2020.00	 45.00
2020.12320	   8.88	  13.00	2020.00	 46.00
2020.12594	   5.03	  12.80	2020.00	 47.00
2020.12868	   9.09	  13.00	2020.00	 48.00
2020.13142	  -1.45	  13.00	2020.00	 49.00
2020.13415	 -11.50	  13.10	2020.00	 50.00
2020.13689	 -16.54	  13.50	2020.00	 51.00
2020.13963	 -10.08	  13.40	2020.00	 52.00
2020.14237	  -6.73	  13.00	2020.00	 53.00
2020.14511	  -7.27	  13.00	2020.00	 54.00
2020.14784	 -13.11	  13.10	2020.00	 55.00
2020.15058	 -20.06	  13.40	2020.00	 56.00
2020.15332	  -3.50	  13.00	2020.00	 57.00
2020.15606	 -14.54	  13.00	2020.00	 58.00
2020.15880	 -12.19	  13.10	2020.00	 59.00
2020.16153	 -10.43	  13.10	2020.00	 60.00
2020.16427	 -12.57	  13.10	2020.00	 61.00
2020.16701	  -0.82	  13.10	2020.00	 62.00
2020.17522	  15.95	  13.00	2020.00	 65.00
2020.17796	  -6.79	  13.10	2020.00	 66.00
2020.18070	 -30.03	  13.10	2020.00	 67.00
2020.18344	 -34.08	  13.10	2020.00	 68.00
2020.18617	 -15.22	  13.40	2020.00	 69.00
2020.18891	  -7.66	  13.10	2020.00	 70.00
2020.19165	  -5.10	  13.00	2020.00	 71.00
2020.19439	 -11.65	  13.40	2020.00	 72.00
2020.19713	 -17.49	  13.40	2020.00	 73.00
2020.19986	  -6.63	  13.00	2020.00	 74.00
2020.20260	  -6.28	  13.40	2020.00	 75.00
2020.20534	  -5.22	  13.40	2020.00	 76.00
2020.20808	  -9.96	  13.40	2020.00	 77.00
2020.21081	  -7.81	  13.50	2020.00	 78.00
2020.21355	 -15.55	  14.60	2020.00	 79.00
2020.21629	  -4.89	  13.90	2020.00	 80.00
2020.21903	  -6.64	  13.40	2020.00	 81.00
2020.22177	  -8.78	  13.50	2020.00	 82.00
2020.22450	  -5.72	  13.40	2020.00	 83.00
2020.22724	 -10.47	  13.00	2020.00	 84.00
2020.22998	  -8.71	  13.10	2020.00	 85.00
2020.23272	  -5.35	  13.00	2020.00	 86.00
2020.23546	  -2.70	  13.50	2020.00	 87.00
2020.23819	   3.66	  13.30	2020.00	 88.00
2020.24093	   2.92	  13.30	2020.00	 89.00
2020.24367	   6.07	  13.10	2020.00	 90.00
2020.24641	   3.03	  13.00	2020.00	 91.00
2020.24914	  -4.71	  13.00	2020.00	 92.00
2020.25188	  -5.26	  13.40	2020.00	 93.00
2020.25462	  -8.20	  13.50	2020.00	 94.00
2020.25736	 -13.54	  13.10	2020.00	 95.00
2020.26010	   3.72	  13.00	2020.00	 96.00
2020.26283	  -4.73	  13.10	2020.00	 97.00
2020.26557	  -5.07	  13.10	2020.00	 98.00
2020.26831	  -7.91	  13.50	2020.00	 99.00
2020.27105	 -11.36	  13.40	2020.00	100.00
2020.27379	  -7.80	  13.40	2020.00	101.00
2020.27652	  -8.74	  13.50	2020.00	102.00
2020.27926	  -5.89	  13.70	2020.00	103.00
2020.28200	  -6.63	  13.40	2020.00	104.00
2020.28474	 -11.37	  13.60	2020.00	105.00
2020.28747	  -2.32	  13.50	2020.00	106.00
2020.29021	  -7.06	  13.20	2020.00	107.00
2020.29295	 -13.40	  13.50	2020.00	108.00
2020.29569	  -7.05	  13.20	2020.00	109.00
2020.29843	  -9.19	  13.40	2020.00	110.00
2020.30116	  -3.73	  13.50	2020.00	111.00
2020.30390	  -7.78	  13.10	2020.00	112.00
2020.30664	  -6.92	  13.40	2020.00	113.00
2020.30938	  -5.66	  13.40	2020.00	114.00
2020.31211	  -4.11	  13.40	2020.00	115.00
2020.31485	  -8.85	  13.40	2020.00	116.00
2020.31759	  -9.59	  13.10	2020.00	117.00
2020.32033	  -2.34	  13.10	2020.00	118.00
2020.32307	 -11.08	  13.20	2020.00	119.00
2020.32580	 -17.02	  13.20	2020.00	120.00
2020.32854	  -5.16	  13.10	2020.00	121.00
2020.33128	  -7.91	  13.10	2020.00	122.00
2020.33402	  -2.45	  13.00	2020.00	123.00
2020.33676	  -3.29	  13.00	2020.00	124.00
2020.33949	 -14.34	  13.00	2020.00	125.00
2020.34223	  -9.48	  13.50	2020.00	126.00
2020.34497	  -7.62	  13.20	2020.00	127.00
2020.34771	  -7.67	  13.10	2020.00	128.00
2020.35044	  -4.91	  13.50	2020.00	129.00
2020.35318	 -12.25	  13.20	2020.00	130.00
2020.35592	  -9.90	  13.40	2020.00	131.00
2020.35866	  -8.34	  13.10	2020.00	132.00
2020.36140	  -7.18	  13.10	2020.00	133.00
2020.36413	  -8.73	  13.00	2020.00	134.00
2020.36687	 -11.47	  13.40	2020.00	135.00
2020.36961	 -21.41	  13.50	2020.00	136.00
2020.37235	  -9.26	  13.20	2020.00	137.00
2020.37509	 -11.30	  13.50	2020.00	138.00
2020.37782	 -14.44	  13.10	2020.00	139.00
2020.38056	  -6.89	  13.10	2020.00	140.00
2020.38330	 -12.23	  13.00	2020.00	141.00
2020.38604	  -5.17	  13.00	2020.00	142.00
2020.38877	   2.58	  13.50	2020.00	143.00
2020.39151	 -10.56	  13.10	2020.00	144.00
2020.39425	 -14.50	  13.00	2020.00	145.00
2020.39699	 -21.34	  13.10	2020.00	146.00
2020.39973	 -17.89	  13.10	2020.00	147.00
2020.40246	 -21.73	  13.20	2020.00	148.00
2020.40520	 -23.27	  13.40	2020.00	149.00
2020.40794	 -24.72	  13.00	2020.00	150.00
2020.41068	 -14.16	  13.20	2020.00	151.00
2020.41342	 -27.70	  13.00	2020.00	152.00
2020.41615	 -22.55	  13.00	2020.00	153.00
2020.41889	 -28.19	  13.10	2020.00	154.00
2020.42163	 -30.03	  13.00	2020.00	155.00
2020.42437	 -27.98	  13.40	2020.00	156.00
2020.42710	 -26.22	  13.60	2020.00	157.00
2020.42984	 -37.36	  12.70	2020.00	158.00
2020.43258	 -32.11	  12.80	2020.00	159.00
2020.43532	 -19.25	  13.00	2020.00	160.00
2020.43806	 -24.19	  13.00	2020.00	161.00
2020.44079	 -23.84	  12.90	2020.00	162.00
2020.44353	 -27.48	  13.00	2020.00	163.00
2020.44627	 -25.62	  13.00	2020.00	164.00
2020.44901	 -22.37	  13.00	2020.00	165.00
2020.45175	 -22.61	  13.40	2020.00	166.00
2020.45448	 -24.35	  13.40	2020.00	167.00
2020.45722	 -25.70	  13.20	2020.00	168.00
2020.45996	 -26.74	  13.20	2020.00	169.00
2020.46270	 -34.38	  13.40	2020.00	170.00
2020.46543	 -27.12	  13.40	2020.00	171.00
2020.46817	 -25.97	  13.40	2020.00	172.00
2020.47091	 -28.11	  13.40	2020.00	173.00
2020.47365	 -23.75	  13.20	2020.00	174.00
2020.47639	 -25.20	  13.20	2020.00	175.00
2020.47912	 -25.24	  13.40	2020.00	176.00
2020.48186	 -31.98	  13.40	2020.00	177.00
2020.48460	 -28.03	  13.70	2020.00	178.00
2020.48734	 -21.77	  13.40	2020.00	179.00
2020.49008	 -26.61	  13.20	2020.00	180.00
2020.49281	  -8.06	  13.40	2020.00	181.00
2020.49555	 -21.70	  13.50	2020.00	182.00
2020.49829	 -19.14	  13.10	2020.00	183.00
2020.50103	 -25.89	  13.00	2020.00	184.00
2020.50376	 -30.23	  13.00	2020.00	185.00
2020.50650	 -33.37	  13.10	2020.00	186.00
2020.50924	 -33.62	  13.20	2020.00	187.00
2020.51198	 -30.76	  13.30	2020.00	188.00
2020.51745	 -28.85	  13.10	2020.00	190.00
2020.52019	 -28.19	  13.70	2020.00	191.00
2020.52293	 -29.73	  13.00	2020.00	192.00
2020.52567	 -18.08	  13.10	2020.00	193.00
2020.52841	 -25.72	  13.00	2020.00	194.00
2020.53114	 -25.06	  12.90	2020.00	195.00
2020.53388	 -29.20	  13.00	2020.00	196.00
2020.53662	 -25.25	  13.40	2020.00	197.00
2020.53936	 -25.99	  13.20	2020.00	198.00
2020.54209	 -25.73	  13.00	2020.00	199.00
2020.54483	 -26.88	  13.00	2020.00	200.00
2020.54757	 -23.12	  13.00	2020.00	201.00
2020.55031	 -23.16	  13.00	2020.00	202.00
2020.55305	 -23.01	  13.00	2020.00	203.00
2020.55578	 -20.75	  12.90	2020.00	204.00
2020.55852	 -17.69	  13.00	2020.00	205.00
2020.56126	 -18.04	  12.90	2020.00	206.00
2020.56400	 -24.98	  13.00	2020.00	207.00
2020.56674	 -28.42	  12.90	2020.00	208.00
2020.56947	 -16.37	  13.20	2020.00	209.00
2020.57221	 -17.41	  13.80	2020.00	210.00
2020.57495	 -21.45	  13.40	2020.00	211.00
2020.57769	 -23.90	  13.40	2020.00	212.00
2020.58042	 -25.44	  13.40	2020.00	213.00
2020.58316	 -27.78	  13.40	2020.00	214.00
2020.58590	 -18.63	  13.40	2020.00	215.00
2020.58864	 -21.07	  13.50	2020.00	216.00
2020.59138	 -17.31	  13.40	2020.00	217.00
2020.59411	 -18.86	  13.20	2020.00	218.00
2020.59685	 -23.20	  13.80	2020.00	219.00
2020.59959	 -13.54	  13.40	2020.00	220.00
2020.60233	 -20.68	  13.20	2020.00	221.00
2020.60507	 -24.63	  13.40	2020.00	222.00
2020.60780	 -17.37	  13.40	2020.00	223.00
2020.61054	 -24.31	  13.40	2020.00	224.00
2020.61328	 -22.26	  13.40	2020.00	225.00
2020.62149	 -23.39	  12.80	2020.00	228.00
2020.62423	 -22.43	  12.80	2020.00	229.00
2020.62697	 -26.47	  12.80	2020.00	230.00
2020.62971	 -31.02	  12.80	2020.00	231.00
2020.63244	 -28.06	  12.70	2020.00	232.00
2020.63518	 -23.00	  12.80	2020.00	233.00
2020.63792	 -27.75	  13.00	2020.00	234.00
2020.64066	 -27.29	  12.80	2020.00	235.00
2020.64339	 -33.43	  12.70	2020.00	236.00
2020.64613	 -22.78	  12.70	2020.00	237.00
2020.64887	 -22.22	  12.70	2020.00	238.00
2020.65161	 -28.16	  12.70	2020.00	239.00
2020.65435	 -20.91	  12.70	2020.00	240.00
2020.65708	 -20.75	  12.70	2020.00	241.00
2020.65982	 -27.99	  12.70	2020.00	242.00
2020.66256	 -25.93	  12.70	2020.00	243.00
2020.66530	 -13.88	  12.80	2020.00	244.00
2020.66804	 -20.42	  12.80	2020.00	245.00
2020.67077	 -23.96	  12.70	2020.00	246.00
2020.67351	 -19.11	  12.70	2020.00	247.00
2020.67625	 -28.55	  12.70	2020.00	248.00
2020.67899	 -25.09	  12.70	2020.00	249.00
2020.68172	 -19.34	  12.70	2020.00	250.00
2020.68446	 -14.98	  12.70	2020.00	251.00
2020.68720	 -26.82	  12.70	2020.00	252.00
2020.68994	 -36.77	  12.70	2020.00	253.00
2020.69268	 -21.31	  13.00	2020.00	254.00
2020.69541	 -23.85	  13.20	2020.00	255.00
2020.69815	 -23.40	  12.80	2020.00	256.00
2020.70089	 -26.24	  12.70	2020.00	257.00
2020.70363	 -30.88	  12.80	2020.00	258.00
2020.70637	 -28.33	  13.50	2020.00	259.00
2020.70910	 -20.07	  13.40	2020.00	260.00
2020.71184	 -26.11	  13.00	2020.00	261.00
2020.71458	 -14.86	  13.00	2020.00	262.00
2020.71732	 -26.70	  12.80	2020.00	263.00
2020.72005	 -29.24	  13.00	2020.00	264.00
2020.72279	 -24.99	  12.70	2020.00	265.00
2020.72553	 -23.53	  13.00	2020.00	266.00
2020.72827	 -25.07	  13.20	2020.00	267.00
2020.73101	 -14.41	  12.70	2020.00	268.00
2020.73374	 -12.56	  12.80	2020.00	269.00
2020.73648	 -14.40	  12.70	2020.00	270.00
2020.73922	 -20.24	  12.70	2020.00	271.00
2020.74196	 -27.39	  12.70	2020.00	272.00
2020.74470	 -31.93	  12.70	2020.00	273.00
2020.74743	 -22.67	  12.50	2020.00	274.00
2020.75017	 -27.32	  12.70	2020.00	275.00
2020.75291	 -31.36	  12.70	2020.00	276.00
2020.75565	 -27.00	  12.30	2020.00	277.00
2020.75838	 -18.75	  12.50	2020.00	278.00
2020.76112	 -27.29	  12.30	2020.00	279.00
2020.76386	 -26.83	  12.70	2020.00	280.00
2020.76660	 -22.28	  12.70	2020.00	281.00
2020.76934	 -23.32	  12.70	2020.00	282.00
2020.77207	 -19.76	  12.50	2020.00	283.00
2020.77481	 -12.91	  12.70	2020.00	284.00
2020.77755	 -14.85	  12.70	2020.00	285.00
2020.78029	  -5.69	  12.70	2020.00	286.00
2020.78303	 -19.34	  12.70	2020.00	287.00
2020.78576	 -10.08	  12.70	2020.00	288.00
2020.78850	 -14.92	  12.70	2020.00	289.00
2020.79124	 -15.77	  12.70	2020.00	290.00
2020.79398	 -25.81	  12.70	2020.00	291.00
2020.79671	 -19.45	  12.70	2020.00	292.00
2020.79945	 -27.89	  12.70	2020.00	293.00
2020.80219	 -20.54	  12.90	2020.00	294.00
2020.80767	  -3.32	  12.70	2020.00	296.00
2020.81040	 -15.27	  12.70	2020.00	297.00
2020.81314	 -10.51	  12.70	2020.00	298.00
2020.81588	 -16.05	  12.70	2020.00	299.00
2020.81862	 -20.20	  12.70	2020.00	300.00
2020.82136	 -18.94	  12.70	2020.00	301.00
2020.82409	 -17.18	  12.70	2020.00	302.00
2020.82683	 -26.53	  12.70	2020.00	303.00
2020.82957	 -23.17	  13.00	2020.00	304.00
2020.83231	 -16.71	  12.70	2020.00	305.00
2020.83504	 -27.16	  12.70	2020.00	306.00
2020.83778	 -20.40	  12.70	2020.00	307.00
2020.84052	 -18.44	  12.70	2020.00	308.00
2020.84326	 -17.39	  13.40	2020.00	309.00
2020.84600	 -23.23	  13.20	2020.00	310.00
2020.84873	 -36.17	  12.70	2020.00	311.00
2020.85147	 -42.32	  12.70	2020.00	312.00
2020.85421	 -32.36	  12.70	2020.00	313.00
2020.85695	 -46.50	  12.70	2020.00	314.00
2020.85969	 -37.75	  12.70	2020.00	315.00
2020.86242	 -29.19	  12.80	2020.00	316.00
2020.86516	 -22.83	  13.20	2020.00	317.00
2020.86790	  -7.47	  13.20	2020.00	318.00
2020.87064	   0.18	  13.00	2020.00	319.00
2020.87337	 -13.76	  13.00	2020.00	320.00
2020.87611	  -8.70	  13.20	2020.00	321.00
2020.87885	  -5.05	  13.20	2020.00	322.00
2020.88159	  -5.99	  13.20	2020.00	323.00
2020.88433	 -10.43	  13.00	2020.00	324.00
2020.88706	 -14.28	  13.40	2020.00	325.00
2020.88980	 -16.42	  13.00	2020.00	326.00
2020.89254	 -11.86	  12.80	2020.00	327.00
2020.89528	  -2.71	  13.40	2020.00	328.00
2020.89802	  10.55	  13.40	2020.00	329.00
2020.90075	  25.61	  13.00	2020.00	330.00
2020.90623	  13.92	  12.70	2020.00	332.00
2020.90897	   3.88	  13.20	2020.00	333.00
2020.91170	  -2.87	  13.40	2020.00	334.00
2020.91992	 -11.00	  12.70	2020.00	337.00
2020.92266	 -11.54	  12.70	2020.00	338.00
2020.92539	 -14.28	  12.70	2020.00	339.00
2020.92813	 -10.93	  12.70	2020.00	340.00
2020.93087	  -9.87	  13.00	2020.00	341.00
2020.93361	  -3.31	  12.80	2020.00	342.00
2020.93634	  -9.05	  12.80	2020.00	343.00
2020.93908	   0.50	  12.80	2020.00	344.00
2020.94182	  -3.54	  12.80	2020.00	345.00
2020.94456	   0.32	  13.00	2020.00	346.00
2020.94730	  -6.83	  12.70	2020.00	347.00
2020.95003	  -4.47	  12.70	2020.00	348.00
2020.95277	   7.19	  12.70	2020.00	349.00
2020.95551	   8.44	  13.00	2020.00	350.00
2020.95825	  21.50	  13.00	2020.00	351.00
2020.96099	  27.66	  13.20	2020.00	352.00
2020.96372	  27.11	  12.70	2020.00	353.00
2020.96646	  32.87	  13.00	2020.00	354.00
2020.96920	  33.73	  13.00	2020.00	355.00
2020.97194	  18.68	  12.70	2020.00	356.00
2020.97467	  16.64	  13.20	2020.00	357.00
2020.97741	  11.00	  13.20	2020.00	358.00
2020.98015	   2.65	  13.40	2020.00	359.00
2020.98289	   2.21	  13.20	2020.00	360.00
2020.98563	   7.57	  13.10	2020.00	361.00
2020.98836	   5.92	  12.70	2020.00	362.00
2020.99110	   0.58	  12.70	2020.00	363.00
2020.99384	   2.94	  12.70	2020.00	364.00
2020.99658	   3.59	  12.70	2020.00	365.00
2020.99932	  23.65	  12.70	2020.00	366.00
2021.00000	  37.57	  12.70	2021.00	  1.00
2021.00274	   6.82	  12.70	2021.00	  2.00
2021.00548	  10.28	  12.70	2021.00	  3.00
2021.00821	  10.04	  12.70	2021.00	  4.00
2021.01095	  22.19	  12.70	2021.00	  5.00
2021.01369	  34.95	  12.70	2021.00	  6.00
2021.01916	  39.06	  13.20	2021.00	  8.00
2021.02190	  35.92	  12.80	2021.00	  9.00
2021.02464	  28.98	  12.70	2021.00	 10.00
2021.02738	  40.43	  12.70	2021.00	 11.00
2021.03012	  25.09	  12.70	2021.00	 12.00
2021.03285	   9.15	  12.80	2021.00	 13.00
2021.03559	  -0.80	  12.80	2021.00	 14.00
2021.03833	   3.06	  12.80	2021.00	 15.00
2021.04107	  -1.28	  12.70	2021.00	 16.00
2021.04381	   2.47	  12.70	2021.00	 17.00
2021.04654	   9.43	  12.70	2021.00	 18.00
2021.04928	   0.29	  12.80	2021.00	 19.00
2021.05202	   1.15	  13.40	2021.00	 20.00
2021.05476	  16.70	  13.20	2021.00	 21.00
2021.05749	  10.16	  12.70	2021.00	 22.00
2021.06023	   4.72	  12.70	2021.00	 23.00
2021.06297	   4.47	  12.70	2021.00	 24.00
2021.06571	  16.73	  12.70	2021.00	 25.00
2021.06845	  16.19	  12.70	2021.00	 26.00
2021.07118	  20.24	  12.70	2021.00	 27.00
2021.07392	  15.20	  12.70	2021.00	 28.00
2021.07666	   4.06	  12.70	2021.00	 29.00
2021.07940	   8.11	  12.80	2021.00	 30.00
2021.08214	  10.97	  13.00	2021.00	 31.00
2021.08487	   8.63	  12.80	2021.00	 32.00
2021.08761	  10.08	  12.80	2021.00	 33.00
2021.09035	  -1.06	  12.70	2021.00	 34.00
2021.09309	   7.00	  13.20	2021.00	 35.00
2021.09582	  43.15	  13.20	2021.00	 36.00
2021.09856	  23.31	  12.70	2021.00	 37.00
2021.10130	  22.37	  12.70	2021.00	 38.00
2021.10404	  23.22	  12.70	2021.00	 39.00
2021.10678	  13.48	  12.70	2021.00	 40.00
2021.10951	   3.44	  12.70	2021.00	 41.00
2021.11225	   7.09	  12.70	2021.00	 42.00
2021.11499	  14.45	  12.70	2021.00	 43.00
2021.11773	  12.61	  12.70	2021.00	 44.00
2021.12047	  19.07	  12.70	2021.00	 45.00
2021.13142	  32.69	  13.20	2021.00	 49.00
2021.13415	  33.35	  13.20	2021.00	 50.00
2021.13689	  40.91	  12.80	2021.00	 51.00
2021.13963	  36.56	  12.70	2021.00	 52.00
2021.15332	  47.05	  13.20	2021.00	 57.00
2021.15606	  22.00	  13.40	2021.00	 58.00
2021.15880	  19.46	  13.20	2021.00	 59.00
2021.16153	   0.72	  13.20	2021.00	 60.00
2021.16427	  -5.53	  13.20	2021.00	 61.00
2021.16701	   0.73	  12.70	2021.00	 62.00
2021.16975	  -0.31	  12.70	2021.00	 63.00
2021.17248	  -4.16	  13.20	2021.00	 64.00
2021.17522	  17.40	  13.20	2021.00	 65.00
2021.17796	   7.16	  13.20	2021.00	 66.00
2021.18070	   1.21	  13.40	2021.00	 67.00
2021.18344	  -0.03	  12.70	2021.00	 68.00
2021.18617	   3.43	  12.70	2021.00	 69.00
2021.18891	  -1.61	  12.70	2021.00	 70.00
2021.19165	   1.14	  12.70	2021.00	 71.00
2021.19439	  -6.00	  12.70	2021.00	 72.00
2021.19713	 -23.54	  13.30	2021.00	 73.00
2021.19986	  -0.39	  12.70	2021.00	 74.00
2021.20260	  -3.53	  12.70	2021.00	 75.00
2021.20534	  -3.27	  12.70	2021.00	 76.00
2021.20808	   3.78	  13.20	2021.00	 77.00
2021.21081	   4.04	  13.20	2021.00	 78.00
2021.21355	   2.70	  12.80	2021.00	 79.00
2021.21629	   0.25	  12.80	2021.00	 80.00
2021.21903	   4.61	  12.70	2021.00	 81.00
2021.22177	   3.67	  12.70	2021.00	 82.00
2021.22450	   2.82	  12.70	2021.00	 83.00
2021.22724	  12.18	  12.70	2021.00	 84.00
2021.22998	   8.54	  12.70	2021.00	 85.00
2021.23272	   5.69	  12.70	2021.00	 86.00
2021.23546	   3.65	  13.00	2021.00	 87.00
2021.23819	  10.81	  12.70	2021.00	 88.00
2021.24093	   9.46	  12.70	2021.00	 89.00
2021.24367	  -8.88	  12.70	2021.00	 90.00
2021.24641	  -3.52	  13.20	2021.00	 91.00
2021.24914	   7.63	  12.80	2021.00	 92.00
2021.25188	   9.29	  12.70	2021.00	 93.00
2021.25462	   2.05	  12.70	2021.00	 94.00
2021.25736	   4.01	  12.70	2021.00	 95.00
2021.26010	   0.16	  12.80	2021.00	 96.00
2021.26283	   3.72	  12.70	2021.00	 97.00
2021.26557	  11.58	  13.20	2021.00	 98.00
2021.26831	   1.63	  13.20	2021.00	 99.00
2021.27105	   3.99	  12.70	2021.00	100.00
2021.27379	   8.75	  12.70	2021.00	101.00
2021.27652	   3.50	  13.10	2021.00	102.00
2021.27926	   5.56	  13.00	2021.00	103.00
2021.28200	   8.32	  12.80	2021.00	104.00
2021.28474	  -1.43	  12.80	2021.00	105.00
2021.28747	   7.93	  13.20	2021.00	106.00
2021.29021	   2.19	  13.20	2021.00	107.00
2021.29295	   5.04	  12.90	2021.00	108.00
2021.29569	   9.50	  13.40	2021.00	109.00
2021.29843	   6.96	  13.20	2021.00	110.00
2021.30116	  -2.39	  12.70	2021.00	111.00
2021.30390	   9.27	  13.40	2021.00	112.00
2021.30664	  -1.27	  13.20	2021.00	113.00
2021.30938	  -2.52	  12.70	2021.00	114.00
2021.31211	   7.24	  12.70	2021.00	115.00
2021.31485	   1.80	  12.70	2021.00	116.00
2021.31759	   2.95	  13.10	2021.00	117.00
2021.32033	 -10.69	  13.20	2021.00	118.00
2021.32307	  -8.03	  12.70	2021.00	119.00
2021.32580	 -20.87	  12.80	2021.00	120.00
2021.32854	 -18.92	  12.70	2021.00	121.00
2021.33128	 -15.96	  12.70	2021.00	122.00
2021.33402	 -19.40	  12.80	2021.00	123.00
2021.33676	 -18.45	  12.70	2021.00	124.00
2021.33949	 -20.59	  12.70	2021.00	125.00
2021.34223	 -16.03	  13.20	2021.00	126.00
2021.34497	 -19.78	  12.70	2021.00	127.00
2021.34771	 -18.02	  12.70	2021.00	128.00
2021.35044	 -22.76	  12.70	2021.00	129.00
2021.35318	 -21.61	  12.70	2021.00	130.00
2021.35592	 -25.05	  12.70	2021.00	131.00
2021.35866	 -26.09	  12.70	2021.00	132.00
2021.36140	 -22.64	  12.50	2021.00	133.00
2021.36413	 -29.68	  12.70	2021.00	134.00
2021.36687	 -30.32	  12.70	2021.00	135.00
2021.36961	 -26.17	  12.70	2021.00	136.00
2021.37235	 -28.91	  12.70	2021.00	137.00
2021.37509	 -24.45	  12.80	2021.00	138.00
2021.37782	 -28.70	  13.00	2021.00	139.00
2021.38056	 -27.04	  13.40	2021.00	140.00
2021.38330	 -22.68	  13.20	2021.00	141.00
2021.38604	 -33.42	  13.20	2021.00	142.00
2021.38877	 -29.47	  12.70	2021.00	143.00
2021.39151	 -29.01	  12.70	2021.00	144.00
2021.39425	 -22.65	  12.80	2021.00	145.00
2021.39699	 -32.00	  12.70	2021.00	146.00
2021.39973	 -28.44	  13.00	2021.00	147.00
2021.40246	 -24.88	  13.20	2021.00	148.00
2021.40520	 -27.33	  12.70	2021.00	149.00
2021.40794	 -28.97	  12.70	2021.00	150.00
2021.41068	 -27.21	  13.00	2021.00	151.00
2021.41342	 -25.46	  12.70	2021.00	152.00
2021.41615	 -33.10	  12.70	2021.00	153.00
2021.41889	 -27.54	  12.70	2021.00	154.00
2021.42163	 -30.09	  12.70	2021.00	155.00
2021.42437	 -25.63	  13.00	2021.00	156.00
2021.42710	 -23.27	  12.70	2021.00	157.00
2021.42984	 -19.82	  13.00	2021.00	158.00
2021.43258	 -29.96	  12.80	2021.00	159.00
2021.43532	 -30.20	  12.80	2021.00	160.00
2021.43806	 -29.85	  13.20	2021.00	161.00
2021.44079	 -30.09	  13.20	2021.00	162.00
2021.44353	 -28.53	  13.20	2021.00	163.00
2021.44627	 -32.08	  13.20	2021.00	164.00
2021.44901	 -31.62	  13.50	2021.00	165.00
2021.45175	 -27.46	  13.20	2021.00	166.00
2021.45448	 -31.00	  13.20	2021.00	167.00
2021.45722	 -29.85	  12.80	2021.00	168.00
2021.45996	 -35.29	  12.80	2021.00	169.00
2021.46270	 -30.83	  12.80	2021.00	170.00
2021.46543	 -31.98	  13.20	2021.00	171.00
2021.46817	 -29.52	  13.20	2021.00	172.00
2021.47091	 -25.76	  13.00	2021.00	173.00
2021.47365	 -30.81	  13.00	2021.00	174.00
2021.47639	 -22.95	  13.00	2021.00	175.00
2021.47912	 -29.49	  13.00	2021.00	176.00
2021.48186	 -24.24	  13.20	2021.00	177.00
2021.48460	 -15.08	  13.00	2021.00	178.00
2021.48734	 -24.72	  13.20	2021.00	179.00
2021.49008	 -23.07	  13.00	2021.00	180.00
2021.49281	 -24.51	  13.00	2021.00	181.00
2021.49555	 -22.45	  13.20	2021.00	182.00
2021.49829	 -19.90	  13.40	2021.00	183.00
2021.50103	 -21.64	  13.00	2021.00	184.00
2021.50376	 -22.78	  12.80	2021.00	185.00
2021.50650	 -26.53	  12.80	2021.00	186.00
2021.50924	 -17.07	  12.70	2021.00	187.00
2021.51198	 -18.71	  13.20	2021.00	188.00
2021.51472	 -18.76	  13.10	2021.00	189.00
2021.51745	 -21.20	  13.00	2021.00	190.00
2021.52019	 -29.94	  13.00	2021.00	191.00
2021.52293	 -20.98	  12.70	2021.00	192.00
2021.52567	 -20.23	  12.70	2021.00	193.00
2021.52841	 -42.87	  14.00	2021.00	194.00
2021.53114	 -22.21	  12.80	2021.00	195.00
2021.53388	 -25.16	  13.00	2021.00	196.00
2021.53662	 -22.10	  13.50	2021.00	197.00
2021.53936	 -26.34	  13.00	2021.00	198.00
2021.54209	 -27.79	  13.00	2021.00	199.00
2021.54483	 -26.83	  12.70	2021.00	200.00
2021.54757	 -27.97	  12.70	2021.00	201.00
2021.55031	 -30.92	  12.70	2021.00	202.00
2021.55305	 -21.56	  13.00	2021.00	203.00
2021.55578	 -20.30	  13.00	2021.00	204.00
2021.55852	 -25.85	  12.70	2021.00	205.00
2021.56126	 -22.39	  12.70	2021.00	206.00
2021.56400	 -16.63	  12.70	2021.00	207.00
2021.56674	 -19.68	  12.70	2021.00	208.00
2021.56947	 -16.82	  12.70	2021.00	209.00
2021.57221	 -25.16	  13.00	2021.00	210.00
2021.57495	 -23.61	  13.40	2021.00	211.00
2021.57769	 -25.15	  12.80	2021.00	212.00
2021.58042	 -25.49	  12.70	2021.00	213.00
2021.58316	 -21.04	  13.00	2021.00	214.00
2021.58590	 -14.78	  13.00	2021.00	215.00
2021.58864	 -20.82	  12.70	2021.00	216.00
2021.59138	 -27.16	  12.70	2021.00	217.00
2021.59411	 -18.31	  13.40	2021.00	218.00
2021.59685	  -9.45	  12.70	2021.00	219.00
2021.60233	 -25.64	  12.70	2021.00	221.00
2021.60507	 -20.78	  12.70	2021.00	222.00
2021.60780	 -26.42	  12.70	2021.00	223.00
2021.61054	 -23.77	  12.70	2021.00	224.00
2021.61328	 -20.01	  12.70	2021.00	225.00
2021.61602	 -21.15	  12.70	2021.00	226.00
2021.61875	 -25.40	  12.70	2021.00	227.00
2021.62149	 -26.74	  12.70	2021.00	228.00
2021.62423	 -14.18	  12.70	2021.00	229.00
2021.62697	 -11.73	  12.70	2021.00	230.00
2021.62971	 -23.37	  13.00	2021.00	231.00
2021.63518	 -32.76	  13.40	2021.00	233.00
2021.63792	 -19.60	  13.20	2021.00	234.00
2021.64066	 -23.54	  12.90	2021.00	235.00
2021.64339	 -26.99	  12.90	2021.00	236.00
2021.64613	 -13.33	  12.90	2021.00	237.00
2021.64887	 -21.27	  12.90	2021.00	238.00
2021.65161	 -22.62	  12.90	2021.00	239.00
2021.65435	 -23.16	  12.70	2021.00	240.00
2021.65708	 -14.40	  12.70	2021.00	241.00
2021.65982	 -24.74	  13.00	2021.00	242.00
2021.66256	 -21.59	  12.70	2021.00	243.00
2021.66530	 -24.03	  12.70	2021.00	244.00
2021.66804	 -20.47	  13.20	2021.00	245.00
2021.67077	 -16.22	  13.40	2021.00	246.00
2021.67351	 -20.96	  13.40	2021.00	247.00
2021.67625	 -16.50	  13.00	2021.00	248.00
2021.67899	 -18.15	  12.70	2021.00	249.00
2021.68172	 -19.99	  12.70	2021.00	250.00
2021.68446	 -23.03	  13.00	2021.00	251.00
2021.68720	 -13.78	  12.70	2021.00	252.00
2021.68994	 -18.32	  13.00	2021.00	253.00
2021.69268	 -21.66	  12.90	2021.00	254.00
2021.69541	 -17.81	  13.00	2021.00	255.00
2021.69815	 -28.05	  12.70	2021.00	256.00
2021.70089	 -22.19	  13.00	2021.00	257.00
2021.70363	 -25.74	  12.70	2021.00	258.00
2021.70637	 -18.38	  12.70	2021.00	259.00
2021.70910	 -24.72	  12.70	2021.00	260.00
2021.71184	  -9.97	  13.00	2021.00	261.00
2021.71458	 -17.31	  13.10	2021.00	262.00
2021.71732	 -12.35	  12.70	2021.00	263.00
2021.72005	 -22.70	  12.70	2021.00	264.00
2021.72279	 -22.54	  13.00	2021.00	265.00
2021.72553	 -20.28	  12.70	2021.00	266.00
2021.72827	 -24.22	  13.80	2021.00	267.00
2021.73101	 -20.07	  12.90	2021.00	268.00
2021.73374	 -11.21	  12.70	2021.00	269.00
2021.73648	 -23.25	  13.20	2021.00	270.00
2021.73922	  -9.60	  12.70	2021.00	271.00
2021.74196	 -11.84	  12.90	2021.00	272.00
2021.74470	 -19.38	  13.00	2021.00	273.00
2021.74743	 -17.03	  13.10	2021.00	274.00
2021.75017	 -16.77	  12.70	2021.00	275.00
2021.75291	 -14.81	  12.70	2021.00	276.00
2021.75565	 -20.46	  12.80	2021.00	277.00
2021.75838	 -18.30	  13.20	2021.00	278.00
2021.76112	 -20.84	  13.00	2021.00	279.00
2021.76386	 -20.79	  12.70	2021.00	280.00
2021.76660	 -24.83	  12.70	2021.00	281.00
2021.76934	 -24.87	  12.70	2021.00	282.00
2021.77207	  -9.32	  13.00	2021.00	283.00
2021.77481	  -7.06	  13.00	2021.00	284.00
2021.77755	 -14.90	  13.00	2021.00	285.00
2021.78029	  -6.75	  12.70	2021.00	286.00
2021.78303	   1.41	  12.70	2021.00	287.00
2021.78576	 -16.33	  12.70	2021.00	288.00
2021.78850	 -24.28	  13.00	2021.00	289.00
2021.79124	 -22.92	  13.00	2021.00	290.00
2021.79398	 -19.36	  12.70	2021.00	291.00
2021.79671	 -20.80	  12.90	2021.00	292.00
2021.79945	  -7.25	  13.00	2021.00	293.00
2021.80219	 -20.19	  13.20	2021.00	294.00
2021.80493	 -14.33	  13.00	2021.00	295.00
2021.80767	 -14.68	  13.00	2021.00	296.00
2021.81040	  -2.42	  13.40	2021.00	297.00
2021.81314	  -4.76	  12.70	2021.00	298.00
2021.81588	  -0.81	  13.00	2021.00	299.00
2021.81862	 -15.25	  13.40	2021.00	300.00
2021.82136	 -20.79	  13.40	2021.00	301.00
2021.82409	 -20.84	  13.00	2021.00	302.00
2021.82683	 -20.78	  13.00	2021.00	303.00
2021.82957	 -17.62	  13.00	2021.00	304.00
2021.83231	 -19.67	  13.00	2021.00	305.00
2021.83504	 -17.91	  13.40	2021.00	306.00
2021.83778	 -15.35	  13.40	2021.00	307.00
2021.84052	 -26.90	  13.20	2021.00	308.00
2021.84326	 -13.74	  13.00	2021.00	309.00
2021.84600	 -18.98	  13.00	2021.00	310.00
2021.84873	 -15.13	  13.20	2021.00	311.00
2021.85147	 -15.57	  13.10	2021.00	312.00
2021.85421	 -10.91	  13.00	2021.00	313.00
2021.85695	  -9.25	  13.10	2021.00	314.00
2021.85969	 -15.20	  13.00	2021.00	315.00
2021.86242	 -30.24	  13.20	2021.00	316.00
2021.86516	 -26.88	  13.20	2021.00	317.00
2021.86790	 -21.73	  13.40	2021.00	318.00
2021.87064	 -13.07	  13.40	2021.00	319.00
2021.87337	  -7.01	  13.20	2021.00	320.00
2021.87611	 -14.96	  12.70	2021.00	321.00
2021.87885	 -18.60	  13.00	2021.00	322.00
2021.88159	 -12.84	  12.70	2021.00	323.00
2021.88433	 -19.09	  13.10	2021.00	324.00
2021.88706	 -21.33	  12.70	2021.00	325.00
2021.88980	 -12.77	  13.00	2021.00	326.00
2021.89254	  10.48	  13.00	2021.00	327.00
2021.89528	  18.54	  12.80	2021.00	328.00
2021.89802	  -3.00	  12.90	2021.00	329.00
2021.90075	 -15.55	  13.10	2021.00	330.00
2021.90349	 -17.89	  13.00	2021.00	331.00
2021.90623	  -6.13	  13.20	2021.00	332.00
2021.90897	  -7.78	  13.00	2021.00	333.00
2021.91170	 -19.22	  13.00	2021.00	334.00
2021.91444	 -19.36	  12.70	2021.00	335.00
2021.91718	 -28.91	  12.90	2021.00	336.00
2021.92266	 -19.89	  13.20	2021.00	338.00
2021.92539	  -4.23	  13.00	2021.00	339.00
2021.92813	 -15.18	  13.20	2021.00	340.00
2021.93087	   2.48	  13.20	2021.00	341.00
2021.93361	  -0.86	  13.40	2021.00	342.00
2021.93634	   2.09	  13.40	2021.00	343.00
2021.93908	   6.85	  13.40	2021.00	344.00
2021.94182	  10.41	  13.40	2021.00	345.00
2021.94456	   8.66	  13.00	2021.00	346.00
2021.94730	   9.12	  13.20	2021.00	347.00
2021.95003	   9.68	  13.00	2021.00	348.00
2021.95277	  17.13	  13.40	2021.00	349.00
2021.97194	 -10.37	  13.40	2021.00	356.00
2021.97467	  -3.61	  13.40	2021.00	357.00
2021.97741	  -0.16	  13.40	2021.00	358.00
2021.98015	  -1.10	  13.40	2021.00	359.00
2021.98289	  -2.44	  13.40	2021.00	360.00
2021.98563	  -4.29	  13.40	2021.00	361.00
2021.98836	  -3.93	  13.40	2021.00	362.00
2021.99110	   5.63	  13.40	2021.00	363.00
2021.99384	   2.69	  13.40	2021.00	364.00
2021.99658	   1.64	  13.20	2021.00	365.00
2022.00000	   2.01	  13.40	2022.00	  1.00
2022.00274	  -2.23	  13.40	2022.00	  2.00
2022.00548	   1.03	  13.40	2022.00	  3.00
2022.00821	  -0.22	  13.20	2022.00	  4.00
2022.01095	   0.14	  13.40	2022.00	  5.00
2022.01369	  12.50	  13.40	2022.00	  6.00
2022.01643	   8.15	  13.40	2022.00	  7.00
2022.01916	  19.31	  13.40	2022.00	  8.00
2022.02190	   9.07	  14.10	2022.00	  9.00
2022.02464	  -8.98	  13.20	2022.00	 10.00
2022.02738	  21.48	  13.40	2022.00	 11.00
2022.03012	  -6.86	  13.40	2022.00	 12.00
2022.03285	 -19.91	  13.20	2022.00	 13.00
2022.03559	 -23.15	  13.20	2022.00	 14.00
2022.03833	 -19.59	  13.20	2022.00	 15.00
2022.04107	 -17.94	  13.20	2022.00	 16.00
2022.04381	 -16.58	  13.20	2022.00	 17.00
2022.04654	  -1.92	  13.40	2022.00	 18.00
2022.04928	   2.04	  13.20	2022.00	 19.00
2022.05202	 -19.11	  13.40	2022.00	 20.00
2022.05476	  -8.05	  13.20	2022.00	 21.00
2022.05749	 -18.69	  13.40	2022.00	 22.00
2022.06023	 -21.34	  13.40	2022.00	 23.00
2022.06297	 -19.68	  13.40	2022.00	 24.00
2022.06571	 -27.02	  13.40	2022.00	 25.00
2022.06845	 -18.67	  13.20	2022.00	 26.00
2022.07118	 -18.81	  13.10	2022.00	 27.00
2022.07392	 -22.55	  13.10	2022.00	 28.00
2022.07666	 -25.70	  13.20	2022.00	 29.00
2022.07940	 -21.94	  13.10	2022.00	 30.00
2022.08214	   3.32	  13.00	2022.00	 31.00
2022.08487	   2.87	  13.00	2022.00	 32.00
2022.08761	   0.93	  13.10	2022.00	 33.00
2022.09035	  -1.01	  13.00	2022.00	 34.00
2022.09309	 -33.66	  13.20	2022.00	 35.00
2022.09582	 -15.10	  12.90	2022.00	 36.00
2022.09856	 -19.34	  13.20	2022.00	 37.00
2022.10130	 -14.49	  13.20	2022.00	 38.00
2022.10404	 -28.43	  13.20	2022.00	 39.00
2022.10678	 -15.77	  13.20	2022.00	 40.00
2022.10951	 -25.91	  12.70	2022.00	 41.00
2022.11225	 -18.06	  12.90	2022.00	 42.00
2022.11499	 -13.80	  13.00	2022.00	 43.00
2022.11773	 -22.54	  12.90	2022.00	 44.00
2022.12047	 -18.49	  13.10	2022.00	 45.00
2022.12320	 -10.53	  13.40	2022.00	 46.00
2022.12594	  -8.47	  12.70	2022.00	 47.00
2022.12868	 -14.52	  12.90	2022.00	 48.00
2022.13142	 -14.36	  13.00	2022.00	 49.00
2022.13415	 -13.60	  12.90	2022.00	 50.00
2022.13689	  -5.95	  13.10	2022.00	 51.00
2022.13963	  -0.79	  12.70	2022.00	 52.00
2022.14237	  -6.83	  12.70	2022.00	 53.00
2022.14511	  -9.48	  13.00	2022.00	 54.00
2022.14784	  -9.12	  13.60	2022.00	 55.00
2022.15058	 -12.96	  13.40	2022.00	 56.00
2022.15332	 -11.21	  12.90	2022.00	 57.00
2022.15606	  -9.35	  13.00	2022.00	 58.00
2022.15880	 -12.69	  13.20	2022.00	 59.00
2022.16153	 -17.84	  13.20	2022.00	 60.00
2022.16427	 -25.78	  13.10	2022.00	 61.00
2022.16701	 -19.62	  13.20	2022.00	 62.00
2022.16975	 -15.97	  12.90	2022.00	 63.00
2022.17248	 -15.11	  13.20	2022.00	 64.00
2022.17522	 -20.25	  13.20	2022.00	 65.00
2022.17796	 -21.99	  13.10	2022.00	 66.00
2022.18070	 -20.64	  13.10	2022.00	 67.00
2022.18344	 -10.58	  13.20	2022.00	 68.00
2022.18617	 -13.52	  13.20	2022.00	 69.00
2022.18891	 -11.87	  13.40	2022.00	 70.00
2022.19165	 -18.21	  13.20	2022.00	 71.00
2022.19439	 -30.15	  13.70	2022.00	 72.00
2022.19713	  -7.00	  13.20	2022.00	 73.00
2022.19986	   0.56	  13.20	2022.00	 74.00
2022.20260	   5.92	  13.20	2022.00	 75.00
2022.20808	 -14.27	  13.40	2022.00	 77.00
2022.21081	 -11.81	  13.40	2022.00	 78.00
2022.21355	  -9.66	  13.20	2022.00	 79.00
2022.21629	  -9.90	  13.20	2022.00	 80.00
2022.21903	  -4.44	  13.20	2022.00	 81.00
2022.22177	 -22.49	  13.40	2022.00	 82.00
2022.22450	 -13.23	  13.40	2022.00	 83.00
2022.22724	 -14.17	  13.40	2022.00	 84.00
2022.22998	 -22.72	  13.20	2022.00	 85.00
2022.23272	 -19.26	  13.20	2022.00	 86.00
2022.23546	  -5.10	  13.40	2022.00	 87.00
2022.23819	 -11.65	  13.20	2022.00	 88.00
2022.24093	 -12.69	  13.20	2022.00	 89.00
2022.24367	  -7.03	  13.20	2022.00	 90.00
2022.24641	 -11.97	  13.20	2022.00	 91.00
2022.24914	 -12.12	  13.20	2022.00	 92.00
2022.25188	 -11.16	  13.20	2022.00	 93.00
2022.25462	  -3.90	  13.20	2022.00	 94.00
2022.25736	  -4.95	  13.20	2022.00	 95.00
2022.26010	 -11.59	  13.20	2022.00	 96.00
2022.26283	 -20.23	  13.20	2022.00	 97.00
2022.26557	 -20.88	  13.40	2022.00	 98.00
2022.26831	  -2.82	  13.20	2022.00	 99.00
2022.27105	   1.54	  12.90	2022.00	100.00
2022.27379	   2.89	  13.10	2022.00	101.00
2022.27652	  -3.75	  13.10	2022.00	102.00
2022.27926	  -3.49	  13.00	2022.00	103.00
2022.28200	  -6.44	  13.20	2022.00	104.00
2022.28474	 -11.78	  13.50	2022.00	105.00
2022.28747	 -14.42	  13.40	2022.00	106.00
2022.29021	 -16.17	  13.20	2022.00	107.00
2022.29295	 -13.01	  13.10	2022.00	108.00
2022.29843	 -12.60	  13.20	2022.00	110.00
2022.30116	 -11.34	  13.50	2022.00	111.00
2022.30390	  -9.48	  13.40	2022.00	112.00
2022.30664	 -16.73	  13.10	2022.00	113.00
2022.30938	 -14.97	  13.00	2022.00	114.00
2022.31211	  -7.61	  13.40	2022.00	115.00
2022.31485	 -16.95	  13.20	2022.00	116.00
2022.31759	 -19.40	  13.40	2022.00	117.00
2022.32033	 -15.94	  13.40	2022.00	118.00
2022.32307	 -13.88	  13.20	2022.00	119.00
2022.32580	 -13.63	  13.20	2022.00	120.00
2022.32854	 -14.37	  13.40	2022.00	121.00
2022.33128	 -10.11	  13.40	2022.00	122.00
2022.33402	  -7.86	  13.80	2022.00	123.00
2022.33676	 -15.40	  13.60	2022.00	124.00
2022.33949	  -6.24	  13.40	2022.00	125.00
2022.34223	  -5.59	  13.60	2022.00	126.00
2022.34497	  -8.43	  13.40	2022.00	127.00
2022.34771	  -7.07	  13.20	2022.00	128.00
2022.35044	 -14.72	  13.10	2022.00	129.00
2022.35318	 -15.26	  13.00	2022.00	130.00
2022.35592	 -17.80	  13.20	2022.00	131.00
2022.35866	 -10.95	  13.40	2022.00	132.00
2022.36140	 -12.69	  13.10	2022.00	133.00
2022.36413	 -10.33	  13.40	2022.00	134.00
2022.36687	  -3.68	  13.40	2022.00	135.00
2022.36961	 -17.42	  13.40	2022.00	136.00
2022.37235	 -15.56	  13.40	2022.00	137.00
2022.37509	 -10.51	  13.40	2022.00	138.00
2022.37782	 -10.55	  13.70	2022.00	139.00
2022.38056	  -7.39	  13.50	2022.00	140.00
2022.38330	 -17.63	  13.40	2022.00	141.00
2022.38604	 -13.98	  13.40	2022.00	142.00
2022.38877	 -16.42	  13.40	2022.00	143.00
2022.39151	 -12.36	  13.40	2022.00	144.00
2022.39425	 -18.51	  13.10	2022.00	145.00
2022.39699	 -15.85	  13.50	2022.00	146.00
2022.39973	 -11.49	  13.60	2022.00	147.00
2022.40246	  -8.84	  13.10	2022.00	148.00
2022.40520	 -10.08	  13.10	2022.00	149.00
2022.40794	  -9.92	  13.20	2022.00	150.00
2022.41068	 -21.37	  13.20	2022.00	151.00
2022.41342	 -17.81	  13.20	2022.00	152.00
2022.41615	 -24.35	  13.60	2022.00	153.00
2022.41889	 -21.20	  13.40	2022.00	154.00
2022.42163	 -15.64	  13.00	2022.00	155.00
2022.42437	 -26.08	  13.20	2022.00	156.00
2022.42710	 -19.73	  13.00	2022.00	157.00
2022.42984	 -25.77	  13.20	2022.00	158.00
2022.43258	 -25.91	  13.40	2022.00	159.00
2022.43532	 -19.46	  13.00	2022.00	160.00
2022.43806	 -21.80	  12.70	2022.00	161.00
2022.44079	 -26.54	  12.70	2022.00	162.00
2022.44353	 -26.49	  13.40	2022.00	163.00
2022.44627	 -25.13	  12.90	2022.00	164.00
2022.44901	 -25.17	  12.70	2022.00	165.00
2022.45175	 -30.21	  13.20	2022.00	166.00
2022.45448	 -30.06	  12.70	2022.00	167.00
2022.45722	 -35.10	  13.20	2022.00	168.00
2022.45996	 -29.74	  13.20	2022.00	169.00
2022.46270	 -35.49	  13.10	2022.00	170.00
2022.46543	 -30.13	  13.00	2022.00	171.00
2022.46817	 -38.27	  12.70	2022.00	172.00
2022.47091	 -36.72	  13.00	2022.00	173.00
2022.47365	 -37.66	  13.00	2022.00	174.00
2022.47639	 -35.00	  13.40	2022.00	175.00
2022.47912	 -47.05	  13.10	2022.00	176.00
2022.48186	 -39.39	  12.70	2022.00	177.00
2022.48460	 -36.43	  12.90	2022.00	178.00
2022.48734	 -34.58	  12.70	2022.00	179.00
2022.49008	 -40.52	  13.00	2022.00	180.00
2022.49281	 -37.06	  13.20	2022.00	181.00
2022.49555	 -36.51	  12.70	2022.00	182.00
2022.49829	 -36.35	  12.70	2022.00	183.00
2022.50103	 -35.99	  12.70	2022.00	184.00
2022.50376	 -29.04	  13.70	2022.00	185.00
2022.50650	 -38.38	  13.80	2022.00	186.00
2022.50924	 -35.62	  13.20	2022.00	187.00
2022.51198	 -38.57	  12.90	2022.00	188.00
2022.51472	 -33.21	  12.70	2022.00	189.00
2022.51745	 -30.45	  12.70	2022.00	190.00
2022.52019	 -34.79	  12.70	2022.00	191.00
2022.52293	 -32.24	  12.70	2022.00	192.00
2022.52567	 -27.08	  12.70	2022.00	193.00
2022.52841	 -29.82	  12.70	2022.00	194.00
2022.53114	 -32.77	  13.00	2022.00	195.00
2022.53388	 -33.91	  12.90	2022.00	196.00
2022.53662	 -30.35	  12.70	2022.00	197.00
2022.53936	 -31.40	  12.70	2022.00	198.00
2022.54209	 -29.24	  12.70	2022.00	199.00
2022.54483	 -35.58	  12.70	2022.00	200.00
2022.54757	 -26.43	  12.70	2022.00	201.00
2022.55031	 -30.97	  12.70	2022.00	202.00
2022.55305	 -25.21	  12.60	2022.00	203.00
2022.55578	 -27.06	  12.70	2022.00	204.00
2022.55852	 -30.00	  12.70	2022.00	205.00
2022.56126	 -28.44	  12.70	2022.00	206.00
2022.56400	 -36.89	  12.70	2022.00	207.00
2022.56674	 -31.53	  12.70	2022.00	208.00
2022.56947	 -25.07	  12.70	2022.00	209.00
2022.57221	 -29.22	  13.00	2022.00	210.00
2022.57495	 -32.76	  12.70	2022.00	211.00
2022.57769	 -27.80	  12.70	2022.00	212.00
2022.58042	 -34.65	  12.70	2022.00	213.00
2022.58316	 -31.19	  13.20	2022.00	214.00
2022.58590	 -30.23	  12.70	2022.00	215.00
2022.58864	 -26.37	  12.70	2022.00	216.00
2022.59138	 -33.02	  12.30	2022.00	217.00
2022.59411	 -26.56	  12.60	2022.00	218.00
2022.59685	 -29.50	  12.60	2022.00	219.00
2022.59959	 -32.55	  12.30	2022.00	220.00
2022.60233	 -26.89	  12.70	2022.00	221.00
2022.60507	 -17.23	  12.70	2022.00	222.00
2022.60780	 -25.98	  12.70	2022.00	223.00
2022.61054	 -29.82	  12.70	2022.00	224.00
2022.61328	 -27.26	  12.60	2022.00	225.00
2022.61602	 -28.21	  12.70	2022.00	226.00
2022.61875	 -25.85	  12.50	2022.00	227.00
2022.62149	 -29.49	  12.50	2022.00	228.00
2022.62423	 -31.64	  12.70	2022.00	229.00
2022.62697	 -26.68	  12.70	2022.00	230.00
2022.62971	 -21.92	  12.70	2022.00	231.00
2022.63244	 -21.17	  12.50	2022.00	232.00
2022.63518	 -22.41	  12.50	2022.00	233.00
2022.63792	 -21.55	  12.70	2022.00	234.00
2022.64066	 -32.00	  13.40	2022.00	235.00
2022.64339	 -17.64	  13.70	2022.00	236.00
2022.64613	 -21.58	  13.40	2022.00	237.00
2022.64887	 -25.32	  12.90	2022.00	238.00
2022.65161	 -10.27	  13.00	2022.00	239.00
2022.65435	 -26.91	  13.00	2022.00	240.00
2022.65708	 -18.55	  12.60	2022.00	241.00
2022.65982	 -22.30	  12.70	2022.00	242.00
2022.66256	 -15.74	  12.70	2022.00	243.00
2022.66530	 -16.48	  12.70	2022.00	244.00
2022.66804	 -22.43	  12.60	2022.00	245.00
2022.67077	 -17.97	  12.40	2022.00	246.00
2022.67351	 -12.31	  12.70	2022.00	247.00
2022.67625	 -19.66	  12.70	2022.00	248.00
2022.67899	 -16.60	  12.70	2022.00	249.00
2022.68172	 -20.84	  12.70	2022.00	250.00
2022.68446	 -20.59	  13.20	2022.00	251.00
2022.68720	 -18.83	  12.70	2022.00	252.00
2022.68994	 -22.37	  12.70	2022.00	253.00
2022.69268	  -8.72	  12.70	2022.00	254.00
2022.69541	 -25.26	  12.80	2022.00	255.00
2022.69815	 -15.30	  12.70	2022.00	256.00
2022.70089	 -17.15	  13.00	2022.00	257.00
2022.70363	 -19.89	  13.20	2022.00	258.00
2022.70637	 -18.33	  12.70	2022.00	259.00
2022.70910	 -22.38	  12.70	2022.00	260.00
2022.71184	 -11.72	  12.70	2022.00	261.00
2022.71458	  -9.36	  12.50	2022.00	262.00
2022.71732	 -13.00	  12.50	2022.00	263.00
2022.72005	 -20.85	  12.70	2022.00	264.00
2022.72279	 -24.49	  12.70	2022.00	265.00
2022.72553	 -16.63	  12.70	2022.00	266.00
2022.72827	 -21.48	  12.30	2022.00	267.00
2022.73101	 -23.42	  12.50	2022.00	268.00
2022.73374	 -22.56	  12.50	2022.00	269.00
2022.73648	 -21.01	  12.70	2022.00	270.00
2022.73922	 -17.05	  13.20	2022.00	271.00
2022.74196	 -17.19	  13.00	2022.00	272.00
2022.74470	 -18.04	  12.70	2022.00	273.00
2022.74743	 -22.78	  12.30	2022.00	274.00
2022.75017	 -21.62	  12.50	2022.00	275.00
2022.75291	 -22.07	  12.30	2022.00	276.00
2022.75565	 -26.71	  12.50	2022.00	277.00
2022.75838	 -23.25	  12.50	2022.00	278.00
2022.76112	 -20.30	  13.00	2022.00	279.00
2022.76386	 -21.24	  13.00	2022.00	280.00
2022.76660	 -20.08	  12.70	2022.00	281.00
2022.76934	 -18.43	  12.50	2022.00	282.00
2022.77207	 -20.07	  12.50	2022.00	283.00
2022.77481	 -15.21	  12.70	2022.00	284.00
2022.77755	 -15.96	  13.00	2022.00	285.00
2022.78029	 -19.70	  13.20	2022.00	286.00
2022.78303	 -15.64	  12.90	2022.00	287.00
2022.78576	 -14.18	  12.30	2022.00	288.00
2022.78850	 -23.83	  12.60	2022.00	289.00
2022.79124	 -24.47	  12.70	2022.00	290.00
2022.79398	 -18.61	  13.40	2022.00	291.00
2022.79671	 -21.26	  13.40	2022.00	292.00
2022.79945	 -14.60	  12.80	2022.00	293.00
2022.80219	 -15.44	  12.70	2022.00	294.00
2022.80493	  -7.29	  12.70	2022.00	295.00
2022.80767	 -13.63	  12.60	2022.00	296.00
2022.81040	  -2.87	  12.60	2022.00	297.00
2022.81314	   9.68	  12.60	2022.00	298.00
2022.81588	   9.04	  12.80	2022.00	299.00
2022.81862	  11.60	  13.00	2022.00	300.00
2022.82136	 -10.25	  12.80	2022.00	301.00
2022.82409	  -8.19	  12.60	2022.00	302.00
2022.82683	 -19.13	  12.70	2022.00	303.00
2022.82957	 -19.38	  12.30	2022.00	304.00
2022.83231	 -13.82	  12.70	2022.00	305.00
2022.83504	 -17.76	  12.80	2022.00	306.00
2022.83778	 -15.41	  13.00	2022.00	307.00
2022.84052	  -9.45	  12.70	2022.00	308.00
2022.84326	   0.91	  12.70	2022.00	309.00
2022.84600	  -0.24	  12.70	2022.00	310.00
2022.84873	   5.22	  12.70	2022.00	311.00
2022.85147	   4.98	  12.30	2022.00	312.00
2022.85421	  12.04	  12.70	2022.00	313.00
2022.85695	   6.09	  12.70	2022.00	314.00
2022.85969	  -4.05	  12.70	2022.00	315.00
2022.86242	  -1.99	  12.70	2022.00	316.00
2022.86516	  -5.54	  12.70	2022.00	317.00
2022.86790	 -10.48	  12.70	2022.00	318.00
2022.87064	 -14.32	  12.70	2022.00	319.00
2022.87337	 -14.67	  12.70	2022.00	320.00
2022.87611	 -15.31	  12.70	2022.00	321.00
2022.87885	  -8.55	  12.30	2022.00	322.00
2022.88159	 -15.50	  12.60	2022.00	323.00
2022.88433	 -14.14	  12.70	2022.00	324.00
2022.88706	  -6.88	  12.30	2022.00	325.00
2022.88980	  -1.43	  12.70	2022.00	326.00
2022.89254	   6.23	  12.70	2022.00	327.00
2022.89528	 -13.31	  12.60	2022.00	328.00
2022.89802	 -15.66	  12.70	2022.00	329.00
2022.90075	  -7.80	  12.70	2022.00	330.00
2022.90349	   7.36	  12.60	2022.00	331.00
2022.90623	   6.01	  12.70	2022.00	332.00
2022.90897	   8.37	  12.70	2022.00	333.00
2022.91170	  13.53	  12.70	2022.00	334.00
2022.91444	   5.28	  12.30	2022.00	335.00
2022.91718	  15.04	  12.70	2022.00	336.00
2022.91992	  10.30	  12.70	2022.00	337.00
2022.92266	   0.36	  12.70	2022.00	338.00
2022.92539	   4.81	  12.70	2022.00	339.00
2022.92813	   3.27	  12.70	2022.00	340.00
2022.93087	  -4.37	  12.70	2022.00	341.00
2022.93361	   3.58	  12.70	2022.00	342.00
2022.93634	   8.44	  12.70	2022.00	343.00
2022.93908	   3.20	  12.70	2022.00	344.00
2022.94182	   1.75	  12.70	2022.00	345.00
2022.94456	  -2.39	  12.70	2022.00	346.00
2022.94730	  -2.73	  12.90	2022.00	347.00
2022.95003	  -5.98	  12.90	2022.00	348.00
2022.95277	  -5.42	  12.70	2022.00	349.00
2022.95551	  -7.66	  12.70	2022.00	350.00
2022.95825	  -3.61	  12.70	2022.00	351.00
2022.96099	   3.75	  12.30	2022.00	352.00
2022.96372	  12.61	  12.70	2022.00	353.00
2022.96646	  11.26	  12.90	2022.00	354.00
2022.96920	   7.22	  13.00	2022.00	355.00
2022.97194	  -2.82	  12.70	2022.00	356.00
2022.97467	  -7.67	  12.70	2022.00	357.00
2022.97741	   1.19	  12.70	2022.00	358.00
2022.98015	   0.85	  12.70	2022.00	359.00
2022.98289	  -5.00	  12.70	2022.00	360.00
2022.98563	  -5.34	  13.20	2022.00	361.00
2022.98836	   6.62	  13.40	2022.00	362.00
2022.99110	  12.58	  12.30	2022.00	363.00
2022.99384	  29.83	  12.70	2022.00	364.00
2022.99658	  31.49	  12.70	2022.00	365.00
2023.00000	  34.16	  12.70	2023.00	  1.00
2023.00274	   9.42	  12.40	2023.00	  2.00
2023.00548	   8.17	  12.50	2023.00	  3.00
2023.00821	   0.63	  12.70	2023.00	  4.00
2023.01095	   5.29	  12.70	2023.00	  5.00
2023.01369	   9.44	  12.30	2023.00	  6.00
2023.01643	   6.00	  12.70	2023.00	  7.00
2023.01916	   9.26	  12.70	2023.00	  8.00
2023.02190	  11.31	  12.70	2023.00	  9.00
2023.02464	   2.57	  12.70	2023.00	 10.00
2023.02738	  -3.57	  13.00	2023.00	 11.00
2023.03012	   0.98	  12.70	2023.00	 12.00
2023.03285	  -8.36	  12.70	2023.00	 13.00
2023.03559	   7.90	  12.80	2023.00	 14.00
2023.03833	  13.46	  12.70	2023.00	 15.00
2023.04107	  17.91	  12.70	2023.00	 16.00
2023.04381	   8.97	  12.70	2023.00	 17.00
2023.04654	  25.93	  12.70	2023.00	 18.00
2023.04928	   3.38	  13.20	2023.00	 19.00
2023.05202	  12.14	  12.70	2023.00	 20.00
2023.05476	 -11.50	  12.70	2023.00	 21.00
2023.05749	   0.25	  13.20	2023.00	 22.00
2023.06023	   1.61	  13.00	2023.00	 23.00
2023.06297	  -5.33	  12.70	2023.00	 24.00
2023.06571	  -0.18	  13.20	2023.00	 25.00
2023.06845	 -12.02	  13.20	2023.00	 26.00
2023.07118	   6.04	  13.20	2023.00	 27.00
2023.07392	  39.19	  13.00	2023.00	 28.00
2023.07666	  37.55	  13.40	2023.00	 29.00
2023.07940	  24.61	  13.10	2023.00	 30.00
2023.08214	  17.36	  13.20	2023.00	 31.00
2023.08487	   9.42	  13.20	2023.00	 32.00
2023.08761	  -0.12	  13.00	2023.00	 33.00
2023.09035	  -4.27	  12.70	2023.00	 34.00
2023.09309	  -1.91	  12.90	2023.00	 35.00
2023.09582	   0.65	  12.70	2023.00	 36.00
2023.09856	   7.90	  12.70	2023.00	 37.00
2023.10130	   4.46	  12.70	2023.00	 38.00
2023.10404	  10.52	  12.70	2023.00	 39.00
2023.10678	  -1.62	  12.90	2023.00	 40.00
2023.10951	  -5.77	  12.70	2023.00	 41.00
2023.11225	  -6.61	  12.90	2023.00	 42.00
2023.11499	  -4.25	  12.70	2023.00	 43.00
2023.11773	   9.20	  13.20	2023.00	 44.00
2023.12047	  11.56	  13.40	2023.00	 45.00
2023.12320	   7.22	  13.00	2023.00	 46.00
2023.12594	  -1.83	  13.20	2023.00	 47.00
2023.12868	  -6.77	  13.00	2023.00	 48.00
2023.13142	   6.39	  12.70	2023.00	 49.00
2023.13415	  22.34	  12.90	2023.00	 50.00
2023.13689	  30.40	  13.40	2023.00	 51.00
2023.13963	  14.46	  13.20	2023.00	 52.00
2023.14237	  18.71	  12.70	2023.00	 53.00
2023.14511	  17.77	  12.90	2023.00	 54.00
2023.14784	   7.83	  12.70	2023.00	 55.00
2023.15332	  -4.26	  12.90	2023.00	 57.00
2023.15606	  -0.00	  12.70	2023.00	 58.00
2023.15880	   0.65	  13.20	2023.00	 59.00
2023.16153	  -3.69	  12.70	2023.00	 60.00
2023.16427	  -4.33	  12.90	2023.00	 61.00
2023.16701	  -0.48	  12.90	2023.00	 62.00
2023.16975	  -7.32	  13.00	2023.00	 63.00
2023.17248	  -0.16	  13.00	2023.00	 64.00
2023.17522	  -0.40	  12.70	2023.00	 65.00
2023.17796	   5.55	  12.90	2023.00	 66.00
2023.18070	   5.51	  12.90	2023.00	 67.00
2023.18344	  12.57	  13.40	2023.00	 68.00
2023.18617	  19.22	  13.40	2023.00	 69.00
2023.18891	  11.98	  12.90	2023.00	 70.00
2023.19165	 -15.16	  13.50	2023.00	 71.00
2023.19439	   9.49	  13.10	2023.00	 72.00
2023.19713	   0.25	  13.00	2023.00	 73.00
2023.19986	 -15.49	  12.70	2023.00	 74.00
2023.20260	 -13.74	  13.00	2023.00	 75.00
2023.20534	 -13.18	  12.70	2023.00	 76.00
2023.20808	 -13.52	  13.00	2023.00	 77.00
2023.21081	 -10.47	  12.70	2023.00	 78.00
2023.21355	  -7.31	  12.70	2023.00	 79.00
2023.21629	  -9.15	  12.70	2023.00	 80.00
2023.21903	 -11.20	  12.70	2023.00	 81.00
2023.22177	  -7.54	  12.70	2023.00	 82.00
2023.22450	  -9.28	  13.20	2023.00	 83.00
2023.22724	 -10.43	  12.70	2023.00	 84.00
2023.22998	  -9.97	  12.70	2023.00	 85.00
2023.23272	 -10.21	  12.70	2023.00	 86.00
2023.23546	  -6.16	  12.70	2023.00	 87.00
2023.23819	  -2.50	  12.90	2023.00	 88.00
2023.24093	   4.26	  12.90	2023.00	 89.00
2023.24367	  -4.78	  13.00	2023.00	 90.00
2023.24641	   5.47	  12.70	2023.00	 91.00
2023.24914	   9.13	  12.70	2023.00	 92.00
2023.25188	 -10.01	  13.00	2023.00	 93.00
2023.25462	  -5.96	  13.00	2023.00	 94.00
2023.25736	 -14.90	  12.80	2023.00	 95.00
2023.26010	  -6.54	  13.00	2023.00	 96.00
2023.26283	 -15.89	  12.70	2023.00	 97.00
2023.26557	 -10.03	  12.70	2023.00	 98.00
2023.26831	   1.83	  12.70	2023.00	 99.00
2023.27105	 -21.52	  13.00	2023.00	100.00
2023.27379	 -37.56	  12.70	2023.00	101.00
2023.27652	 -32.30	  12.70	2023.00	102.00
2023.27926	 -10.45	  13.20	2023.00	103.00
2023.28200	 -17.69	  13.40	2023.00	104.00
2023.28474	 -13.83	  13.20	2023.00	105.00
2023.28747	 -13.28	  12.90	2023.00	106.00
2023.29021	  -8.92	  12.70	2023.00	107.00
2023.29295	 -14.66	  12.70	2023.00	108.00
2023.29569	 -17.11	  12.70	2023.00	109.00
2023.29843	 -10.05	  12.70	2023.00	110.00
2023.30116	  -4.49	  12.70	2023.00	111.00
2023.30390	 -11.54	  12.70	2023.00	112.00
2023.30664	  -9.38	  13.10	2023.00	113.00
2023.30938	  -1.02	  13.20	2023.00	114.00
2023.31211	  -9.66	  12.80	2023.00	115.00
2023.31485	 -12.31	  12.70	2023.00	116.00
2023.31759	  -9.15	  12.70	2023.00	117.00
2023.32033	 -10.49	  13.00	2023.00	118.00
2023.32307	 -18.64	  13.00	2023.00	119.00
2023.32580	 -20.58	  12.70	2023.00	120.00
2023.32854	 -12.42	  12.70	2023.00	121.00
2023.33128	 -12.87	  13.00	2023.00	122.00
2023.33402	 -13.81	  12.90	2023.00	123.00
2023.33676	  -9.65	  13.10	2023.00	124.00
2023.33949	 -16.80	  12.80	2023.00	125.00
2023.34223	 -23.74	  12.70	2023.00	126.00
2023.34497	 -17.38	  12.70	2023.00	127.00
2023.34771	 -22.73	  12.70	2023.00	128.00
2023.35044	 -22.07	  12.70	2023.00	129.00
2023.35318	 -24.91	  13.00	2023.00	130.00
2023.35592	 -27.46	  12.70	2023.00	131.00
2023.35866	 -27.80	  13.00	2023.00	132.00
2023.36140	 -25.94	  12.70	2023.00	133.00
2023.36413	 -23.39	  12.90	2023.00	134.00
2023.47091	 -37.57	  12.90	2023.00	173.00
2023.47365	 -22.81	  13.00	2023.00	174.00
2023.47639	 -20.46	  12.80	2023.00	175.00
2023.47912	 -22.90	  12.70	2023.00	176.00
2023.48186	 -20.24	  12.70	2023.00	177.00
2023.48460	 -20.79	  12.70	2023.00	178.00
2023.48734	 -24.33	  12.70	2023.00	179.00
2023.49008	 -20.47	  12.70	2023.00	180.00
2023.49281	 -25.72	  13.00	2023.00	181.00
2023.49555	 -28.36	  12.70	2023.00	182.00
2023.49829	 -29.00	  12.70	2023.00	183.00
2023.50103	 -20.25	  12.70	2023.00	184.00
2023.50376	 -27.79	  12.70	2023.00	185.00
2023.50650	 -28.53	  12.70	2023.00	186.00
2023.50924	 -20.77	  13.10	2023.00	187.00
2023.51472	 -30.06	  12.70	2023.00	189.00
2023.51745	 -20.20	  13.00	2023.00	190.00
2023.52019	 -18.05	  13.00	2023.00	191.00
2023.52293	 -21.29	  13.00	2023.00	192.00
2023.52567	 -29.73	  13.00	2023.00	193.00
2023.52841	 -24.18	  13.20	2023.00	194.00
2023.53114	 -21.42	  13.40	2023.00	195.00
2023.53388	 -22.96	  13.20	2023.00	196.00
2023.53662	 -18.01	  13.60	2023.00	197.00
2023.53936	 -23.05	  13.20	2023.00	198.00
2023.54209	 -24.39	  13.10	2023.00	199.00
2023.54483	 -22.34	  13.00	2023.00	200.00
2023.54757	 -22.88	  12.70	2023.00	201.00
2023.55031	 -23.92	  12.70	2023.00	202.00
2023.55305	 -25.57	  13.00	2023.00	203.00
2023.55578	 -29.81	  12.90	2023.00	204.00
2023.55852	 -25.25	  12.90	2023.00	205.00
2023.56126	 -23.70	  12.90	2023.00	206.00
2023.56400	 -29.04	  12.70	2023.00	207.00
2023.56674	 -24.78	  12.90	2023.00	208.00
2023.56947	 -24.63	  12.70	2023.00	209.00
2023.57221	 -25.17	  13.00	2023.00	210.00
2023.57495	 -14.11	  12.90	2023.00	211.00
2023.57769	 -22.85	  12.90	2023.00	212.00
2023.58042	 -11.40	  12.70	2023.00	213.00
2023.58590	 -21.18	  12.70	2023.00	215.00
2023.58864	 -24.13	  13.00	2023.00	216.00
2023.59138	 -15.97	  13.20	2023.00	217.00
2023.59411	 -24.81	  12.90	2023.00	218.00
2023.59685	 -25.06	  12.90	2023.00	219.00
2023.59959	 -18.10	  12.90	2023.00	220.00
2023.60233	 -22.44	  13.40	2023.00	221.00
2023.60507	 -21.79	  13.00	2023.00	222.00
2023.60780	 -15.03	  13.90	2023.00	223.00
2023.61054	 -13.27	  13.90	2023.00	224.00
2023.61328	 -17.82	  13.20	2023.00	225.00
2023.61602	 -14.06	  13.20	2023.00	226.00
2023.61875	  -9.40	  13.20	2023.00	227.00
2023.62149	 -13.15	  13.20	2023.00	228.00
2023.62697	 -13.03	  13.20	2023.00	230.00
2023.62971	 -12.38	  12.70	2023.00	231.00
2023.63244	 -17.22	  12.70	2023.00	232.00
2023.63518	 -16.96	  13.00	2023.00	233.00
2023.63792	 -20.11	  13.20	2023.00	234.00
2023.64066	 -22.15	  13.20	2023.00	235.00
2023.64339	 -16.19	  12.70	2023.00	236.00
2023.64613	 -27.53	  13.20	2023.00	237.00
2023.64887	 -17.28	  13.00	2023.00	238.00
2023.65161	 -16.72	  13.20	2023.00	239.00
2023.65435	 -21.46	  13.40	2023.00	240.00
2023.65708	  -6.51	  13.40	2023.00	241.00
2023.65982	  -7.25	  13.20	2023.00	242.00
2023.66256	 -21.59	  12.90	2023.00	243.00
2023.66530	 -15.44	  13.40	2023.00	244.00
2023.66804	 -13.98	  13.10	2023.00	245.00
2023.67077	 -14.22	  13.10	2023.00	246.00
2023.67351	 -11.37	  13.00	2023.00	247.00
2023.67625	 -24.01	  13.00	2023.00	248.00
2023.67899	 -14.15	  13.10	2023.00	249.00
2023.68172	 -19.70	  13.40	2023.00	250.00
2023.68446	 -36.34	  13.20	2023.00	251.00
2023.68720	 -25.18	  13.00	2023.00	252.00
2023.68994	 -46.93	  12.70	2023.00	253.00
2023.69268	 -13.87	  13.10	2023.00	254.00
2023.69541	 -24.61	  13.20	2023.00	255.00
2023.69815	 -23.06	  13.20	2023.00	256.00
2023.70089	 -12.40	  13.40	2023.00	257.00
2023.70363	 -17.74	  13.20	2023.00	258.00
2023.70637	 -19.69	  12.70	2023.00	259.00
2023.70910	 -15.83	  12.70	2023.00	260.00
2023.71184	 -12.37	  12.70	2023.00	261.00
2023.71458	 -18.51	  12.70	2023.00	262.00
2023.71732	  -7.16	  12.70	2023.00	263.00
2023.72005	  -3.70	  12.70	2023.00	264.00
2023.72279	 -13.94	  12.70	2023.00	265.00
2023.72827	  -8.03	  12.70	2023.00	267.00
2023.73101	 -11.77	  12.70	2023.00	268.00
2023.73374	  -8.42	  12.70	2023.00	269.00
2023.73648	 -19.96	  13.20	2023.00	270.00
2023.73922	 -21.30	  12.70	2023.00	271.00
2023.74196	 -11.25	  12.70	2023.00	272.00
2023.74470	 -21.09	  12.70	2023.00	273.00
2023.74743	 -20.13	  12.70	2023.00	274.00
2023.75017	  -8.28	  13.10	2023.00	275.00
2023.75291	 -14.92	  12.70	2023.00	276.00
2023.75565	 -14.36	  12.70	2023.00	277.00
2023.76112	 -31.05	  12.70	2023.00	279.00
2023.76386	 -25.39	  12.90	2023.00	280.00
2023.76660	 -25.14	  12.70	2023.00	281.00
2023.76934	 -15.08	  12.70	2023.00	282.00
2023.77207	 -16.62	  12.70	2023.00	283.00
2023.77481	 -11.57	  12.70	2023.00	284.00
2023.77755	 -15.51	  12.80	2023.00	285.00
2023.78029	 -22.95	  12.90	2023.00	286.00
2023.78303	 -10.49	  12.70	2023.00	287.00
2023.78576	 -18.54	  12.70	2023.00	288.00
2023.78850	 -22.08	  12.70	2023.00	289.00
2023.79124	 -15.62	  12.70	2023.00	290.00
2023.79398	 -20.97	  12.70	2023.00	291.00
2023.79671	 -18.31	  13.00	2023.00	292.00
2023.79945	 -22.55	  13.00	2023.00	293.00
2023.80219	 -20.80	  12.70	2023.00	294.00
2023.80493	 -20.54	  12.70	2023.00	295.00
2023.80767	 -19.58	  12.70	2023.00	296.00
2023.81040	 -17.23	  12.70	2023.00	297.00
2023.81314	 -23.17	  12.70	2023.00	298.00
2023.81588	 -23.91	  12.70	2023.00	299.00
2023.81862	 -17.86	  12.50	2023.00	300.00
2023.82136	 -24.90	  12.50	2023.00	301.00
2023.82409	 -22.04	  12.70	2023.00	302.00
2023.82683	 -20.29	  12.70	2023.00	303.00
2023.82957	 -23.63	  12.70	2023.00	304.00
2023.83231	 -18.87	  12.70	2023.00	305.00
2023.83504	 -17.22	  13.20	2023.00	306.00
2023.83778	  -9.56	  13.00	2023.00	307.00
2023.84052	 -16.80	  13.20	2023.00	308.00
2023.84326	  -9.35	  12.80	2023.00	309.00
2023.84600	 -18.09	  12.80	2023.00	310.00
2023.84873	  -9.83	  12.80	2023.00	311.00
2023.85147	  -9.37	  12.70	2023.00	312.00
2023.85421	 -15.62	  12.70	2023.00	313.00
2023.85695	 -16.96	  12.70	2023.00	314.00
2023.85969	  -7.90	  12.70	2023.00	315.00
2023.86242	  -3.55	  12.70	2023.00	316.00
2023.86516	  -4.99	  13.20	2023.00	317.00
2023.86790	 -15.73	  13.20	2023.00	318.00
2023.87064	 -11.18	  13.00	2023.00	319.00
2023.87337	  -9.72	  12.70	2023.00	320.00
2023.87611	 -24.76	  13.20	2023.00	321.00
2023.87885	 -12.91	  12.70	2023.00	322.00
2023.88159	  -5.05	  12.70	2023.00	323.00
2023.88433	 -13.39	  13.00	2023.00	324.00
2023.90623	  -6.64	  13.10	2023.00	332.00
2023.90897	  -3.78	  12.70	2023.00	333.00
2023.91170	  -3.32	  13.20	2023.00	334.00
2023.91444	   4.63	  13.00	2023.00	335.00
2023.91718	  13.89	  12.70	2023.00	336.00
2023.91992	   7.35	  12.70	2023.00	337.00
2023.92266	  -1.60	  13.00	2023.00	338.00
2023.92539	 -13.94	  12.70	2023.00	339.00
2023.92813	 -22.18	  12.70	2023.00	340.00
2023.93087	 -21.43	  13.20	2023.00	341.00
2023.93361	  -9.77	  13.20	2023.00	342.00
2023.93634	 -18.71	  13.10	2023.00	343.00
2023.93908	   7.74	  13.00	2023.00	344.00
2023.94182	   0.70	  12.70	2023.00	345.00
2023.94456	  -7.24	  12.70	2023.00	346.00
2023.94730	   1.01	  12.70	2023.00	347.00
2023.95003	  -0.33	  13.40	2023.00	348.00
2023.95277	  -2.97	  13.90	2023.00	349.00
2023.95551	 -22.12	  12.70	2023.00	350.00
2023.95825	 -18.06	  12.70	2023.00	351.00
2023.96099	 -15.00	  12.80	2023.00	352.00
2023.96372	  -3.75	  12.80	2023.00	353.00
2023.96646	  -5.39	  12.70	2023.00	354.00
2023.96920	 -16.03	  13.20	2023.00	355.00
2023.97194	 -12.38	  12.70	2023.00	356.00
2023.97467	  -9.62	  12.70	2023.00	357.00
2023.97741	 -12.76	  13.10	2023.00	358.00
2023.98015	   5.60	  14.40	2023.00	359.00
